2021/09/29-00:24:48.228506 7fc5f5a27700 RocksDB version: 6.15.2
2021/09/29-00:24:48.228845 7fc5f5a27700 Git sha rocksdb_build_git_sha:
2021/09/29-00:24:48.228848 7fc5f5a27700 Compile date Jan  4 2021
2021/09/29-00:24:48.228897 7fc5f5a27700 DB SUMMARY
2021/09/29-00:24:48.228899 7fc5f5a27700 DB Session ID:  K8CUPS0QCLZ2YAGIC4VB
2021/09/29-00:24:48.230941 7fc5f5a27700 CURRENT file:  CURRENT
2021/09/29-00:24:48.230943 7fc5f5a27700 IDENTITY file:  IDENTITY
2021/09/29-00:24:48.231474 7fc5f5a27700 MANIFEST file:  MANIFEST-000039 size: 875 Bytes
2021/09/29-00:24:48.231479 7fc5f5a27700 SST files in /mnt/c/Users/assid/Documents/Workspace/TrufflePatient-NW/config/IBFT-Network/Node-3/data/database dir, Total Num: 2, files: 000037.sst 000038.sst 
2021/09/29-00:24:48.231636 7fc5f5a27700 Write Ahead Log file in /mnt/c/Users/assid/Documents/Workspace/TrufflePatient-NW/config/IBFT-Network/Node-3/data/database: 000004.log size: 461859 ; 000040.log size: 684469 ; 
2021/09/29-00:24:48.231642 7fc5f5a27700                         Options.error_if_exists: 0
2021/09/29-00:24:48.231643 7fc5f5a27700                       Options.create_if_missing: 1
2021/09/29-00:24:48.231982 7fc5f5a27700                         Options.paranoid_checks: 1
2021/09/29-00:24:48.231985 7fc5f5a27700                               Options.track_and_verify_wals_in_manifest: 0
2021/09/29-00:24:48.231985 7fc5f5a27700                                     Options.env: 0x7fc5727bc3c0
2021/09/29-00:24:48.231986 7fc5f5a27700                                      Options.fs: Posix File System
2021/09/29-00:24:48.231987 7fc5f5a27700                                Options.info_log: 0x7fc5f150c280
2021/09/29-00:24:48.232126 7fc5f5a27700                Options.max_file_opening_threads: 16
2021/09/29-00:24:48.232131 7fc5f5a27700                              Options.statistics: 0x7fc5f142f620
2021/09/29-00:24:48.232132 7fc5f5a27700                               Options.use_fsync: 0
2021/09/29-00:24:48.232132 7fc5f5a27700                       Options.max_log_file_size: 0
2021/09/29-00:24:48.232133 7fc5f5a27700                  Options.max_manifest_file_size: 1073741824
2021/09/29-00:24:48.232284 7fc5f5a27700                   Options.log_file_time_to_roll: 0
2021/09/29-00:24:48.232286 7fc5f5a27700                       Options.keep_log_file_num: 1000
2021/09/29-00:24:48.232287 7fc5f5a27700                    Options.recycle_log_file_num: 0
2021/09/29-00:24:48.232288 7fc5f5a27700                         Options.allow_fallocate: 1
2021/09/29-00:24:48.232288 7fc5f5a27700                        Options.allow_mmap_reads: 0
2021/09/29-00:24:48.232289 7fc5f5a27700                       Options.allow_mmap_writes: 0
2021/09/29-00:24:48.232422 7fc5f5a27700                        Options.use_direct_reads: 0
2021/09/29-00:24:48.232424 7fc5f5a27700                        Options.use_direct_io_for_flush_and_compaction: 0
2021/09/29-00:24:48.232424 7fc5f5a27700          Options.create_missing_column_families: 1
2021/09/29-00:24:48.232425 7fc5f5a27700                              Options.db_log_dir: 
2021/09/29-00:24:48.232426 7fc5f5a27700                                 Options.wal_dir: /mnt/c/Users/assid/Documents/Workspace/TrufflePatient-NW/config/IBFT-Network/Node-3/data/database
2021/09/29-00:24:48.232558 7fc5f5a27700                Options.table_cache_numshardbits: 6
2021/09/29-00:24:48.232560 7fc5f5a27700                         Options.WAL_ttl_seconds: 0
2021/09/29-00:24:48.232561 7fc5f5a27700                       Options.WAL_size_limit_MB: 0
2021/09/29-00:24:48.232562 7fc5f5a27700                        Options.max_write_batch_group_size_bytes: 1048576
2021/09/29-00:24:48.232562 7fc5f5a27700             Options.manifest_preallocation_size: 4194304
2021/09/29-00:24:48.232688 7fc5f5a27700                     Options.is_fd_close_on_exec: 1
2021/09/29-00:24:48.232690 7fc5f5a27700                   Options.advise_random_on_open: 1
2021/09/29-00:24:48.232691 7fc5f5a27700                    Options.db_write_buffer_size: 0
2021/09/29-00:24:48.232692 7fc5f5a27700                    Options.write_buffer_manager: 0x7fc5f1512b90
2021/09/29-00:24:48.232692 7fc5f5a27700         Options.access_hint_on_compaction_start: 1
2021/09/29-00:24:48.232865 7fc5f5a27700  Options.new_table_reader_for_compaction_inputs: 0
2021/09/29-00:24:48.232867 7fc5f5a27700           Options.random_access_max_buffer_size: 1048576
2021/09/29-00:24:48.232868 7fc5f5a27700                      Options.use_adaptive_mutex: 0
2021/09/29-00:24:48.232868 7fc5f5a27700                            Options.rate_limiter: (nil)
2021/09/29-00:24:48.232873 7fc5f5a27700     Options.sst_file_manager.rate_bytes_per_sec: 0
2021/09/29-00:24:48.233003 7fc5f5a27700                       Options.wal_recovery_mode: 2
2021/09/29-00:24:48.233005 7fc5f5a27700                  Options.enable_thread_tracking: 0
2021/09/29-00:24:48.233006 7fc5f5a27700                  Options.enable_pipelined_write: 0
2021/09/29-00:24:48.233007 7fc5f5a27700                  Options.unordered_write: 0
2021/09/29-00:24:48.233007 7fc5f5a27700         Options.allow_concurrent_memtable_write: 1
2021/09/29-00:24:48.233008 7fc5f5a27700      Options.enable_write_thread_adaptive_yield: 1
2021/09/29-00:24:48.233130 7fc5f5a27700             Options.write_thread_max_yield_usec: 100
2021/09/29-00:24:48.233132 7fc5f5a27700            Options.write_thread_slow_yield_usec: 3
2021/09/29-00:24:48.233132 7fc5f5a27700                               Options.row_cache: None
2021/09/29-00:24:48.233133 7fc5f5a27700                              Options.wal_filter: None
2021/09/29-00:24:48.233134 7fc5f5a27700             Options.avoid_flush_during_recovery: 0
2021/09/29-00:24:48.233134 7fc5f5a27700             Options.allow_ingest_behind: 0
2021/09/29-00:24:48.233272 7fc5f5a27700             Options.preserve_deletes: 0
2021/09/29-00:24:48.233274 7fc5f5a27700             Options.two_write_queues: 0
2021/09/29-00:24:48.233275 7fc5f5a27700             Options.manual_wal_flush: 0
2021/09/29-00:24:48.233275 7fc5f5a27700             Options.atomic_flush: 0
2021/09/29-00:24:48.233276 7fc5f5a27700             Options.avoid_unnecessary_blocking_io: 0
2021/09/29-00:24:48.233277 7fc5f5a27700                 Options.persist_stats_to_disk: 0
2021/09/29-00:24:48.233406 7fc5f5a27700                 Options.write_dbid_to_manifest: 0
2021/09/29-00:24:48.233408 7fc5f5a27700                 Options.log_readahead_size: 0
2021/09/29-00:24:48.233409 7fc5f5a27700                 Options.file_checksum_gen_factory: Unknown
2021/09/29-00:24:48.233410 7fc5f5a27700                 Options.best_efforts_recovery: 0
2021/09/29-00:24:48.233410 7fc5f5a27700                Options.max_bgerror_resume_count: 2147483647
2021/09/29-00:24:48.233532 7fc5f5a27700            Options.bgerror_resume_retry_interval: 1000000
2021/09/29-00:24:48.233534 7fc5f5a27700             Options.allow_data_in_errors: 0
2021/09/29-00:24:48.233535 7fc5f5a27700             Options.db_host_id: __hostname__
2021/09/29-00:24:48.233537 7fc5f5a27700             Options.max_background_jobs: 2
2021/09/29-00:24:48.233538 7fc5f5a27700             Options.max_background_compactions: 4
2021/09/29-00:24:48.233538 7fc5f5a27700             Options.max_subcompactions: 1
2021/09/29-00:24:48.233664 7fc5f5a27700             Options.avoid_flush_during_shutdown: 0
2021/09/29-00:24:48.233667 7fc5f5a27700           Options.writable_file_max_buffer_size: 1048576
2021/09/29-00:24:48.233667 7fc5f5a27700             Options.delayed_write_rate : 16777216
2021/09/29-00:24:48.233668 7fc5f5a27700             Options.max_total_wal_size: 0
2021/09/29-00:24:48.233669 7fc5f5a27700             Options.delete_obsolete_files_period_micros: 21600000000
2021/09/29-00:24:48.233669 7fc5f5a27700                   Options.stats_dump_period_sec: 600
2021/09/29-00:24:48.233790 7fc5f5a27700                 Options.stats_persist_period_sec: 600
2021/09/29-00:24:48.233792 7fc5f5a27700                 Options.stats_history_buffer_size: 1048576
2021/09/29-00:24:48.233793 7fc5f5a27700                          Options.max_open_files: 1024
2021/09/29-00:24:48.233794 7fc5f5a27700                          Options.bytes_per_sync: 0
2021/09/29-00:24:48.233794 7fc5f5a27700                      Options.wal_bytes_per_sync: 0
2021/09/29-00:24:48.233935 7fc5f5a27700                   Options.strict_bytes_per_sync: 0
2021/09/29-00:24:48.233937 7fc5f5a27700       Options.compaction_readahead_size: 0
2021/09/29-00:24:48.233938 7fc5f5a27700                  Options.max_background_flushes: -1
2021/09/29-00:24:48.233938 7fc5f5a27700 Compression algorithms supported:
2021/09/29-00:24:48.233940 7fc5f5a27700 	kZSTDNotFinalCompression supported: 1
2021/09/29-00:24:48.233948 7fc5f5a27700 	kZSTD supported: 1
2021/09/29-00:24:48.233948 7fc5f5a27700 	kXpressCompression supported: 0
2021/09/29-00:24:48.234071 7fc5f5a27700 	kLZ4HCCompression supported: 1
2021/09/29-00:24:48.234073 7fc5f5a27700 	kLZ4Compression supported: 1
2021/09/29-00:24:48.234074 7fc5f5a27700 	kBZip2Compression supported: 1
2021/09/29-00:24:48.234074 7fc5f5a27700 	kZlibCompression supported: 1
2021/09/29-00:24:48.234075 7fc5f5a27700 	kSnappyCompression supported: 1
2021/09/29-00:24:48.234082 7fc5f5a27700 Fast CRC32 supported: Not supported on x86
2021/09/29-00:24:48.238527 7fc5f5a27700 [/version_set.cc:4725] Recovering from manifest file: /mnt/c/Users/assid/Documents/Workspace/TrufflePatient-NW/config/IBFT-Network/Node-3/data/database/MANIFEST-000039
2021/09/29-00:24:48.239762 7fc5f5a27700 [/column_family.cc:597] --------------- Options for column family [default]:
2021/09/29-00:24:48.239766 7fc5f5a27700               Options.comparator: leveldb.BytewiseComparator
2021/09/29-00:24:48.239767 7fc5f5a27700           Options.merge_operator: None
2021/09/29-00:24:48.239767 7fc5f5a27700        Options.compaction_filter: None
2021/09/29-00:24:48.239908 7fc5f5a27700        Options.compaction_filter_factory: None
2021/09/29-00:24:48.239910 7fc5f5a27700  Options.sst_partitioner_factory: None
2021/09/29-00:24:48.239911 7fc5f5a27700         Options.memtable_factory: SkipListFactory
2021/09/29-00:24:48.239912 7fc5f5a27700            Options.table_factory: BlockBasedTable
2021/09/29-00:24:48.239934 7fc5f5a27700            table_factory options:   flush_block_policy_factory: FlushBlockBySizePolicyFactory (0x7fc5f143a600)
  cache_index_and_filter_blocks: 0
  cache_index_and_filter_blocks_with_high_priority: 1
  pin_l0_filter_and_index_blocks_in_cache: 0
  pin_top_level_index_and_filter: 1
  index_type: 0
  data_block_index_type: 0
  index_shortening: 1
  data_block_hash_table_util_ratio: 0.750000
  hash_index_allow_collision: 1
  checksum: 1
  no_block_cache: 0
  block_cache: 0x7fc5f1438080
  block_cache_name: LRUCache
  block_cache_options:
    capacity : 8388608
    num_shard_bits : 4
    strict_capacity_limit : 0
    memory_allocator : None
    high_pri_pool_ratio: 0.000
  block_cache_compressed: (nil)
  persistent_cache: (nil)
  block_size: 4096
  block_size_deviation: 10
  block_restart_interval: 16
  index_block_restart_interval: 1
  metadata_block_size: 4096
  partition_filters: 0
  use_delta_encoding: 1
  filter_policy: nullptr
  whole_key_filtering: 1
  verify_compression: 0
  read_amp_bytes_per_bit: 0
  format_version: 4
  enable_index_compression: 1
  block_align: 0
2021/09/29-00:24:48.240185 7fc5f5a27700        Options.write_buffer_size: 67108864
2021/09/29-00:24:48.240313 7fc5f5a27700  Options.max_write_buffer_number: 2
2021/09/29-00:24:48.240316 7fc5f5a27700          Options.compression: Snappy
2021/09/29-00:24:48.240317 7fc5f5a27700                  Options.bottommost_compression: Disabled
2021/09/29-00:24:48.240318 7fc5f5a27700       Options.prefix_extractor: nullptr
2021/09/29-00:24:48.240318 7fc5f5a27700   Options.memtable_insert_with_hint_prefix_extractor: nullptr
2021/09/29-00:24:48.240439 7fc5f5a27700             Options.num_levels: 7
2021/09/29-00:24:48.240441 7fc5f5a27700        Options.min_write_buffer_number_to_merge: 1
2021/09/29-00:24:48.240441 7fc5f5a27700     Options.max_write_buffer_number_to_maintain: 0
2021/09/29-00:24:48.240442 7fc5f5a27700     Options.max_write_buffer_size_to_maintain: 134217728
2021/09/29-00:24:48.240442 7fc5f5a27700            Options.bottommost_compression_opts.window_bits: -14
2021/09/29-00:24:48.240443 7fc5f5a27700                  Options.bottommost_compression_opts.level: 32767
2021/09/29-00:24:48.240573 7fc5f5a27700               Options.bottommost_compression_opts.strategy: 0
2021/09/29-00:24:48.240575 7fc5f5a27700         Options.bottommost_compression_opts.max_dict_bytes: 0
2021/09/29-00:24:48.240576 7fc5f5a27700         Options.bottommost_compression_opts.zstd_max_train_bytes: 0
2021/09/29-00:24:48.240576 7fc5f5a27700         Options.bottommost_compression_opts.parallel_threads: 1
2021/09/29-00:24:48.240577 7fc5f5a27700                  Options.bottommost_compression_opts.enabled: false
2021/09/29-00:24:48.240719 7fc5f5a27700            Options.compression_opts.window_bits: -14
2021/09/29-00:24:48.240722 7fc5f5a27700                  Options.compression_opts.level: 32767
2021/09/29-00:24:48.240722 7fc5f5a27700               Options.compression_opts.strategy: 0
2021/09/29-00:24:48.240723 7fc5f5a27700         Options.compression_opts.max_dict_bytes: 0
2021/09/29-00:24:48.240724 7fc5f5a27700         Options.compression_opts.zstd_max_train_bytes: 0
2021/09/29-00:24:48.240860 7fc5f5a27700         Options.compression_opts.parallel_threads: 1
2021/09/29-00:24:48.240863 7fc5f5a27700                  Options.compression_opts.enabled: false
2021/09/29-00:24:48.240864 7fc5f5a27700      Options.level0_file_num_compaction_trigger: 4
2021/09/29-00:24:48.240864 7fc5f5a27700          Options.level0_slowdown_writes_trigger: 20
2021/09/29-00:24:48.240865 7fc5f5a27700              Options.level0_stop_writes_trigger: 36
2021/09/29-00:24:48.240865 7fc5f5a27700                   Options.target_file_size_base: 67108864
2021/09/29-00:24:48.240999 7fc5f5a27700             Options.target_file_size_multiplier: 1
2021/09/29-00:24:48.241001 7fc5f5a27700                Options.max_bytes_for_level_base: 268435456
2021/09/29-00:24:48.241001 7fc5f5a27700 Options.level_compaction_dynamic_level_bytes: 0
2021/09/29-00:24:48.241002 7fc5f5a27700          Options.max_bytes_for_level_multiplier: 10.000000
2021/09/29-00:24:48.241004 7fc5f5a27700 Options.max_bytes_for_level_multiplier_addtl[0]: 1
2021/09/29-00:24:48.241131 7fc5f5a27700 Options.max_bytes_for_level_multiplier_addtl[1]: 1
2021/09/29-00:24:48.241133 7fc5f5a27700 Options.max_bytes_for_level_multiplier_addtl[2]: 1
2021/09/29-00:24:48.241134 7fc5f5a27700 Options.max_bytes_for_level_multiplier_addtl[3]: 1
2021/09/29-00:24:48.241134 7fc5f5a27700 Options.max_bytes_for_level_multiplier_addtl[4]: 1
2021/09/29-00:24:48.241135 7fc5f5a27700 Options.max_bytes_for_level_multiplier_addtl[5]: 1
2021/09/29-00:24:48.241135 7fc5f5a27700 Options.max_bytes_for_level_multiplier_addtl[6]: 1
2021/09/29-00:24:48.241270 7fc5f5a27700       Options.max_sequential_skip_in_iterations: 8
2021/09/29-00:24:48.241272 7fc5f5a27700                    Options.max_compaction_bytes: 1677721600
2021/09/29-00:24:48.241273 7fc5f5a27700                        Options.arena_block_size: 8388608
2021/09/29-00:24:48.241273 7fc5f5a27700   Options.soft_pending_compaction_bytes_limit: 68719476736
2021/09/29-00:24:48.241274 7fc5f5a27700   Options.hard_pending_compaction_bytes_limit: 274877906944
2021/09/29-00:24:48.241412 7fc5f5a27700       Options.rate_limit_delay_max_milliseconds: 100
2021/09/29-00:24:48.241414 7fc5f5a27700                Options.disable_auto_compactions: 1
2021/09/29-00:24:48.241415 7fc5f5a27700                        Options.compaction_style: kCompactionStyleLevel
2021/09/29-00:24:48.241416 7fc5f5a27700                          Options.compaction_pri: kMinOverlappingRatio
2021/09/29-00:24:48.241417 7fc5f5a27700 Options.compaction_options_universal.size_ratio: 1
2021/09/29-00:24:48.241543 7fc5f5a27700 Options.compaction_options_universal.min_merge_width: 2
2021/09/29-00:24:48.241545 7fc5f5a27700 Options.compaction_options_universal.max_merge_width: 4294967295
2021/09/29-00:24:48.241546 7fc5f5a27700 Options.compaction_options_universal.max_size_amplification_percent: 200
2021/09/29-00:24:48.241546 7fc5f5a27700 Options.compaction_options_universal.compression_size_percent: -1
2021/09/29-00:24:48.241547 7fc5f5a27700 Options.compaction_options_universal.stop_style: kCompactionStopStyleTotalSize
2021/09/29-00:24:48.241708 7fc5f5a27700 Options.compaction_options_fifo.max_table_files_size: 1073741824
2021/09/29-00:24:48.241710 7fc5f5a27700 Options.compaction_options_fifo.allow_compaction: 0
2021/09/29-00:24:48.241715 7fc5f5a27700                   Options.table_properties_collectors: 
2021/09/29-00:24:48.241716 7fc5f5a27700                   Options.inplace_update_support: 0
2021/09/29-00:24:48.241716 7fc5f5a27700                 Options.inplace_update_num_locks: 10000
2021/09/29-00:24:48.241846 7fc5f5a27700               Options.memtable_prefix_bloom_size_ratio: 0.000000
2021/09/29-00:24:48.241849 7fc5f5a27700               Options.memtable_whole_key_filtering: 0
2021/09/29-00:24:48.241849 7fc5f5a27700   Options.memtable_huge_page_size: 0
2021/09/29-00:24:48.241850 7fc5f5a27700                           Options.bloom_locality: 0
2021/09/29-00:24:48.241850 7fc5f5a27700                    Options.max_successive_merges: 0
2021/09/29-00:24:48.241851 7fc5f5a27700                Options.optimize_filters_for_hits: 0
2021/09/29-00:24:48.241972 7fc5f5a27700                Options.paranoid_file_checks: 0
2021/09/29-00:24:48.241974 7fc5f5a27700                Options.force_consistency_checks: 1
2021/09/29-00:24:48.241975 7fc5f5a27700                Options.report_bg_io_stats: 0
2021/09/29-00:24:48.241975 7fc5f5a27700                               Options.ttl: 2592000
2021/09/29-00:24:48.241976 7fc5f5a27700          Options.periodic_compaction_seconds: 0
2021/09/29-00:24:48.241977 7fc5f5a27700                    Options.enable_blob_files: false
2021/09/29-00:24:48.242102 7fc5f5a27700                        Options.min_blob_size: 0
2021/09/29-00:24:48.242104 7fc5f5a27700                       Options.blob_file_size: 268435456
2021/09/29-00:24:48.242105 7fc5f5a27700                Options.blob_compression_type: NoCompression
2021/09/29-00:24:48.242106 7fc5f5a27700       Options.enable_blob_garbage_collection: false
2021/09/29-00:24:48.242107 7fc5f5a27700   Options.blob_garbage_collection_age_cutoff: 0.250000
2021/09/29-00:24:48.242882 7fc5f5a27700 [/column_family.cc:597] --------------- Options for column family []:
2021/09/29-00:24:48.242885 7fc5f5a27700               Options.comparator: leveldb.BytewiseComparator
2021/09/29-00:24:48.242886 7fc5f5a27700           Options.merge_operator: None
2021/09/29-00:24:48.242886 7fc5f5a27700        Options.compaction_filter: None
2021/09/29-00:24:48.242887 7fc5f5a27700        Options.compaction_filter_factory: None
2021/09/29-00:24:48.242888 7fc5f5a27700  Options.sst_partitioner_factory: None
2021/09/29-00:24:48.243030 7fc5f5a27700         Options.memtable_factory: SkipListFactory
2021/09/29-00:24:48.243033 7fc5f5a27700            Options.table_factory: BlockBasedTable
2021/09/29-00:24:48.243058 7fc5f5a27700            table_factory options:   flush_block_policy_factory: FlushBlockBySizePolicyFactory (0x7fc5f1422980)
  cache_index_and_filter_blocks: 0
  cache_index_and_filter_blocks_with_high_priority: 1
  pin_l0_filter_and_index_blocks_in_cache: 0
  pin_top_level_index_and_filter: 1
  index_type: 0
  data_block_index_type: 0
  index_shortening: 1
  data_block_hash_table_util_ratio: 0.750000
  hash_index_allow_collision: 1
  checksum: 1
  no_block_cache: 0
  block_cache: 0x7fc5f14229c0
  block_cache_name: LRUCache
  block_cache_options:
    capacity : 8388608
    num_shard_bits : 4
    strict_capacity_limit : 0
    memory_allocator : None
    high_pri_pool_ratio: 0.000
  block_cache_compressed: (nil)
  persistent_cache: (nil)
  block_size: 4096
  block_size_deviation: 10
  block_restart_interval: 16
  index_block_restart_interval: 1
  metadata_block_size: 4096
  partition_filters: 0
  use_delta_encoding: 1
  filter_policy: nullptr
  whole_key_filtering: 1
  verify_compression: 0
  read_amp_bytes_per_bit: 0
  format_version: 4
  enable_index_compression: 1
  block_align: 0
2021/09/29-00:24:48.243345 7fc5f5a27700        Options.write_buffer_size: 67108864
2021/09/29-00:24:48.243347 7fc5f5a27700  Options.max_write_buffer_number: 2
2021/09/29-00:24:48.243349 7fc5f5a27700          Options.compression: Snappy
2021/09/29-00:24:48.243505 7fc5f5a27700                  Options.bottommost_compression: Disabled
2021/09/29-00:24:48.243507 7fc5f5a27700       Options.prefix_extractor: nullptr
2021/09/29-00:24:48.243508 7fc5f5a27700   Options.memtable_insert_with_hint_prefix_extractor: nullptr
2021/09/29-00:24:48.243508 7fc5f5a27700             Options.num_levels: 7
2021/09/29-00:24:48.243509 7fc5f5a27700        Options.min_write_buffer_number_to_merge: 1
2021/09/29-00:24:48.243510 7fc5f5a27700     Options.max_write_buffer_number_to_maintain: 0
2021/09/29-00:24:48.243634 7fc5f5a27700     Options.max_write_buffer_size_to_maintain: 134217728
2021/09/29-00:24:48.243636 7fc5f5a27700            Options.bottommost_compression_opts.window_bits: -14
2021/09/29-00:24:48.243637 7fc5f5a27700                  Options.bottommost_compression_opts.level: 32767
2021/09/29-00:24:48.243637 7fc5f5a27700               Options.bottommost_compression_opts.strategy: 0
2021/09/29-00:24:48.243638 7fc5f5a27700         Options.bottommost_compression_opts.max_dict_bytes: 0
2021/09/29-00:24:48.243776 7fc5f5a27700         Options.bottommost_compression_opts.zstd_max_train_bytes: 0
2021/09/29-00:24:48.243778 7fc5f5a27700         Options.bottommost_compression_opts.parallel_threads: 1
2021/09/29-00:24:48.243779 7fc5f5a27700                  Options.bottommost_compression_opts.enabled: false
2021/09/29-00:24:48.243779 7fc5f5a27700            Options.compression_opts.window_bits: -14
2021/09/29-00:24:48.243780 7fc5f5a27700                  Options.compression_opts.level: 32767
2021/09/29-00:24:48.243908 7fc5f5a27700               Options.compression_opts.strategy: 0
2021/09/29-00:24:48.243910 7fc5f5a27700         Options.compression_opts.max_dict_bytes: 0
2021/09/29-00:24:48.243911 7fc5f5a27700         Options.compression_opts.zstd_max_train_bytes: 0
2021/09/29-00:24:48.243911 7fc5f5a27700         Options.compression_opts.parallel_threads: 1
2021/09/29-00:24:48.243912 7fc5f5a27700                  Options.compression_opts.enabled: false
2021/09/29-00:24:48.244034 7fc5f5a27700      Options.level0_file_num_compaction_trigger: 4
2021/09/29-00:24:48.244036 7fc5f5a27700          Options.level0_slowdown_writes_trigger: 20
2021/09/29-00:24:48.244037 7fc5f5a27700              Options.level0_stop_writes_trigger: 36
2021/09/29-00:24:48.244038 7fc5f5a27700                   Options.target_file_size_base: 67108864
2021/09/29-00:24:48.244038 7fc5f5a27700             Options.target_file_size_multiplier: 1
2021/09/29-00:24:48.244039 7fc5f5a27700                Options.max_bytes_for_level_base: 268435456
2021/09/29-00:24:48.244165 7fc5f5a27700 Options.level_compaction_dynamic_level_bytes: 0
2021/09/29-00:24:48.244167 7fc5f5a27700          Options.max_bytes_for_level_multiplier: 10.000000
2021/09/29-00:24:48.244169 7fc5f5a27700 Options.max_bytes_for_level_multiplier_addtl[0]: 1
2021/09/29-00:24:48.244169 7fc5f5a27700 Options.max_bytes_for_level_multiplier_addtl[1]: 1
2021/09/29-00:24:48.244170 7fc5f5a27700 Options.max_bytes_for_level_multiplier_addtl[2]: 1
2021/09/29-00:24:48.244291 7fc5f5a27700 Options.max_bytes_for_level_multiplier_addtl[3]: 1
2021/09/29-00:24:48.244293 7fc5f5a27700 Options.max_bytes_for_level_multiplier_addtl[4]: 1
2021/09/29-00:24:48.244294 7fc5f5a27700 Options.max_bytes_for_level_multiplier_addtl[5]: 1
2021/09/29-00:24:48.244294 7fc5f5a27700 Options.max_bytes_for_level_multiplier_addtl[6]: 1
2021/09/29-00:24:48.244295 7fc5f5a27700       Options.max_sequential_skip_in_iterations: 8
2021/09/29-00:24:48.244295 7fc5f5a27700                    Options.max_compaction_bytes: 1677721600
2021/09/29-00:24:48.244420 7fc5f5a27700                        Options.arena_block_size: 8388608
2021/09/29-00:24:48.244422 7fc5f5a27700   Options.soft_pending_compaction_bytes_limit: 68719476736
2021/09/29-00:24:48.244423 7fc5f5a27700   Options.hard_pending_compaction_bytes_limit: 274877906944
2021/09/29-00:24:48.244423 7fc5f5a27700       Options.rate_limit_delay_max_milliseconds: 100
2021/09/29-00:24:48.244424 7fc5f5a27700                Options.disable_auto_compactions: 1
2021/09/29-00:24:48.244548 7fc5f5a27700                        Options.compaction_style: kCompactionStyleLevel
2021/09/29-00:24:48.244551 7fc5f5a27700                          Options.compaction_pri: kMinOverlappingRatio
2021/09/29-00:24:48.244551 7fc5f5a27700 Options.compaction_options_universal.size_ratio: 1
2021/09/29-00:24:48.244552 7fc5f5a27700 Options.compaction_options_universal.min_merge_width: 2
2021/09/29-00:24:48.244553 7fc5f5a27700 Options.compaction_options_universal.max_merge_width: 4294967295
2021/09/29-00:24:48.244680 7fc5f5a27700 Options.compaction_options_universal.max_size_amplification_percent: 200
2021/09/29-00:24:48.244682 7fc5f5a27700 Options.compaction_options_universal.compression_size_percent: -1
2021/09/29-00:24:48.244683 7fc5f5a27700 Options.compaction_options_universal.stop_style: kCompactionStopStyleTotalSize
2021/09/29-00:24:48.244683 7fc5f5a27700 Options.compaction_options_fifo.max_table_files_size: 1073741824
2021/09/29-00:24:48.244684 7fc5f5a27700 Options.compaction_options_fifo.allow_compaction: 0
2021/09/29-00:24:48.244809 7fc5f5a27700                   Options.table_properties_collectors: 
2021/09/29-00:24:48.244811 7fc5f5a27700                   Options.inplace_update_support: 0
2021/09/29-00:24:48.244811 7fc5f5a27700                 Options.inplace_update_num_locks: 10000
2021/09/29-00:24:48.244812 7fc5f5a27700               Options.memtable_prefix_bloom_size_ratio: 0.000000
2021/09/29-00:24:48.244813 7fc5f5a27700               Options.memtable_whole_key_filtering: 0
2021/09/29-00:24:48.244955 7fc5f5a27700   Options.memtable_huge_page_size: 0
2021/09/29-00:24:48.244958 7fc5f5a27700                           Options.bloom_locality: 0
2021/09/29-00:24:48.244958 7fc5f5a27700                    Options.max_successive_merges: 0
2021/09/29-00:24:48.244959 7fc5f5a27700                Options.optimize_filters_for_hits: 0
2021/09/29-00:24:48.244960 7fc5f5a27700                Options.paranoid_file_checks: 0
2021/09/29-00:24:48.244960 7fc5f5a27700                Options.force_consistency_checks: 1
2021/09/29-00:24:48.245106 7fc5f5a27700                Options.report_bg_io_stats: 0
2021/09/29-00:24:48.245108 7fc5f5a27700                               Options.ttl: 2592000
2021/09/29-00:24:48.245109 7fc5f5a27700          Options.periodic_compaction_seconds: 0
2021/09/29-00:24:48.245110 7fc5f5a27700                    Options.enable_blob_files: false
2021/09/29-00:24:48.245110 7fc5f5a27700                        Options.min_blob_size: 0
2021/09/29-00:24:48.245111 7fc5f5a27700                       Options.blob_file_size: 268435456
2021/09/29-00:24:48.245244 7fc5f5a27700                Options.blob_compression_type: NoCompression
2021/09/29-00:24:48.245247 7fc5f5a27700       Options.enable_blob_garbage_collection: false
2021/09/29-00:24:48.245248 7fc5f5a27700   Options.blob_garbage_collection_age_cutoff: 0.250000
2021/09/29-00:24:48.245278 7fc5f5a27700 [/column_family.cc:597] --------------- Options for column family []:
2021/09/29-00:24:48.245279 7fc5f5a27700               Options.comparator: leveldb.BytewiseComparator
2021/09/29-00:24:48.245412 7fc5f5a27700           Options.merge_operator: None
2021/09/29-00:24:48.245414 7fc5f5a27700        Options.compaction_filter: None
2021/09/29-00:24:48.245415 7fc5f5a27700        Options.compaction_filter_factory: None
2021/09/29-00:24:48.245415 7fc5f5a27700  Options.sst_partitioner_factory: None
2021/09/29-00:24:48.245416 7fc5f5a27700         Options.memtable_factory: SkipListFactory
2021/09/29-00:24:48.245416 7fc5f5a27700            Options.table_factory: BlockBasedTable
2021/09/29-00:24:48.245565 7fc5f5a27700            table_factory options:   flush_block_policy_factory: FlushBlockBySizePolicyFactory (0x7fc5f14248f0)
  cache_index_and_filter_blocks: 0
  cache_index_and_filter_blocks_with_high_priority: 1
  pin_l0_filter_and_index_blocks_in_cache: 0
  pin_top_level_index_and_filter: 1
  index_type: 0
  data_block_index_type: 0
  index_shortening: 1
  data_block_hash_table_util_ratio: 0.750000
  hash_index_allow_collision: 1
  checksum: 1
  no_block_cache: 0
  block_cache: 0x7fc5f1424930
  block_cache_name: LRUCache
  block_cache_options:
    capacity : 8388608
    num_shard_bits : 4
    strict_capacity_limit : 0
    memory_allocator : None
    high_pri_pool_ratio: 0.000
  block_cache_compressed: (nil)
  persistent_cache: (nil)
  block_size: 4096
  block_size_deviation: 10
  block_restart_interval: 16
  index_block_restart_interval: 1
  metadata_block_size: 4096
  partition_filters: 0
  use_delta_encoding: 1
  filter_policy: nullptr
  whole_key_filtering: 1
  verify_compression: 0
  read_amp_bytes_per_bit: 0
  format_version: 4
  enable_index_compression: 1
  block_align: 0
2021/09/29-00:24:48.245821 7fc5f5a27700        Options.write_buffer_size: 67108864
2021/09/29-00:24:48.245823 7fc5f5a27700  Options.max_write_buffer_number: 2
2021/09/29-00:24:48.245825 7fc5f5a27700          Options.compression: Snappy
2021/09/29-00:24:48.245825 7fc5f5a27700                  Options.bottommost_compression: Disabled
2021/09/29-00:24:48.245826 7fc5f5a27700       Options.prefix_extractor: nullptr
2021/09/29-00:24:48.245949 7fc5f5a27700   Options.memtable_insert_with_hint_prefix_extractor: nullptr
2021/09/29-00:24:48.245951 7fc5f5a27700             Options.num_levels: 7
2021/09/29-00:24:48.245952 7fc5f5a27700        Options.min_write_buffer_number_to_merge: 1
2021/09/29-00:24:48.245952 7fc5f5a27700     Options.max_write_buffer_number_to_maintain: 0
2021/09/29-00:24:48.245953 7fc5f5a27700     Options.max_write_buffer_size_to_maintain: 134217728
2021/09/29-00:24:48.246079 7fc5f5a27700            Options.bottommost_compression_opts.window_bits: -14
2021/09/29-00:24:48.246081 7fc5f5a27700                  Options.bottommost_compression_opts.level: 32767
2021/09/29-00:24:48.246082 7fc5f5a27700               Options.bottommost_compression_opts.strategy: 0
2021/09/29-00:24:48.246082 7fc5f5a27700         Options.bottommost_compression_opts.max_dict_bytes: 0
2021/09/29-00:24:48.246083 7fc5f5a27700         Options.bottommost_compression_opts.zstd_max_train_bytes: 0
2021/09/29-00:24:48.246207 7fc5f5a27700         Options.bottommost_compression_opts.parallel_threads: 1
2021/09/29-00:24:48.246209 7fc5f5a27700                  Options.bottommost_compression_opts.enabled: false
2021/09/29-00:24:48.246209 7fc5f5a27700            Options.compression_opts.window_bits: -14
2021/09/29-00:24:48.246210 7fc5f5a27700                  Options.compression_opts.level: 32767
2021/09/29-00:24:48.246211 7fc5f5a27700               Options.compression_opts.strategy: 0
2021/09/29-00:24:48.246335 7fc5f5a27700         Options.compression_opts.max_dict_bytes: 0
2021/09/29-00:24:48.246337 7fc5f5a27700         Options.compression_opts.zstd_max_train_bytes: 0
2021/09/29-00:24:48.246338 7fc5f5a27700         Options.compression_opts.parallel_threads: 1
2021/09/29-00:24:48.246338 7fc5f5a27700                  Options.compression_opts.enabled: false
2021/09/29-00:24:48.246339 7fc5f5a27700      Options.level0_file_num_compaction_trigger: 4
2021/09/29-00:24:48.246339 7fc5f5a27700          Options.level0_slowdown_writes_trigger: 20
2021/09/29-00:24:48.246464 7fc5f5a27700              Options.level0_stop_writes_trigger: 36
2021/09/29-00:24:48.246465 7fc5f5a27700                   Options.target_file_size_base: 67108864
2021/09/29-00:24:48.246466 7fc5f5a27700             Options.target_file_size_multiplier: 1
2021/09/29-00:24:48.246467 7fc5f5a27700                Options.max_bytes_for_level_base: 268435456
2021/09/29-00:24:48.246467 7fc5f5a27700 Options.level_compaction_dynamic_level_bytes: 0
2021/09/29-00:24:48.246593 7fc5f5a27700          Options.max_bytes_for_level_multiplier: 10.000000
2021/09/29-00:24:48.246596 7fc5f5a27700 Options.max_bytes_for_level_multiplier_addtl[0]: 1
2021/09/29-00:24:48.246597 7fc5f5a27700 Options.max_bytes_for_level_multiplier_addtl[1]: 1
2021/09/29-00:24:48.246598 7fc5f5a27700 Options.max_bytes_for_level_multiplier_addtl[2]: 1
2021/09/29-00:24:48.246598 7fc5f5a27700 Options.max_bytes_for_level_multiplier_addtl[3]: 1
2021/09/29-00:24:48.246599 7fc5f5a27700 Options.max_bytes_for_level_multiplier_addtl[4]: 1
2021/09/29-00:24:48.246732 7fc5f5a27700 Options.max_bytes_for_level_multiplier_addtl[5]: 1
2021/09/29-00:24:48.246733 7fc5f5a27700 Options.max_bytes_for_level_multiplier_addtl[6]: 1
2021/09/29-00:24:48.246734 7fc5f5a27700       Options.max_sequential_skip_in_iterations: 8
2021/09/29-00:24:48.246735 7fc5f5a27700                    Options.max_compaction_bytes: 1677721600
2021/09/29-00:24:48.246735 7fc5f5a27700                        Options.arena_block_size: 8388608
2021/09/29-00:24:48.246861 7fc5f5a27700   Options.soft_pending_compaction_bytes_limit: 68719476736
2021/09/29-00:24:48.246864 7fc5f5a27700   Options.hard_pending_compaction_bytes_limit: 274877906944
2021/09/29-00:24:48.246864 7fc5f5a27700       Options.rate_limit_delay_max_milliseconds: 100
2021/09/29-00:24:48.246865 7fc5f5a27700                Options.disable_auto_compactions: 1
2021/09/29-00:24:48.246866 7fc5f5a27700                        Options.compaction_style: kCompactionStyleLevel
2021/09/29-00:24:48.246866 7fc5f5a27700                          Options.compaction_pri: kMinOverlappingRatio
2021/09/29-00:24:48.246988 7fc5f5a27700 Options.compaction_options_universal.size_ratio: 1
2021/09/29-00:24:48.246990 7fc5f5a27700 Options.compaction_options_universal.min_merge_width: 2
2021/09/29-00:24:48.246990 7fc5f5a27700 Options.compaction_options_universal.max_merge_width: 4294967295
2021/09/29-00:24:48.246991 7fc5f5a27700 Options.compaction_options_universal.max_size_amplification_percent: 200
2021/09/29-00:24:48.246991 7fc5f5a27700 Options.compaction_options_universal.compression_size_percent: -1
2021/09/29-00:24:48.247117 7fc5f5a27700 Options.compaction_options_universal.stop_style: kCompactionStopStyleTotalSize
2021/09/29-00:24:48.247119 7fc5f5a27700 Options.compaction_options_fifo.max_table_files_size: 1073741824
2021/09/29-00:24:48.247120 7fc5f5a27700 Options.compaction_options_fifo.allow_compaction: 0
2021/09/29-00:24:48.247122 7fc5f5a27700                   Options.table_properties_collectors: 
2021/09/29-00:24:48.247255 7fc5f5a27700                   Options.inplace_update_support: 0
2021/09/29-00:24:48.247257 7fc5f5a27700                 Options.inplace_update_num_locks: 10000
2021/09/29-00:24:48.247258 7fc5f5a27700               Options.memtable_prefix_bloom_size_ratio: 0.000000
2021/09/29-00:24:48.247259 7fc5f5a27700               Options.memtable_whole_key_filtering: 0
2021/09/29-00:24:48.247260 7fc5f5a27700   Options.memtable_huge_page_size: 0
2021/09/29-00:24:48.247260 7fc5f5a27700                           Options.bloom_locality: 0
2021/09/29-00:24:48.247384 7fc5f5a27700                    Options.max_successive_merges: 0
2021/09/29-00:24:48.247387 7fc5f5a27700                Options.optimize_filters_for_hits: 0
2021/09/29-00:24:48.247387 7fc5f5a27700                Options.paranoid_file_checks: 0
2021/09/29-00:24:48.247388 7fc5f5a27700                Options.force_consistency_checks: 1
2021/09/29-00:24:48.247388 7fc5f5a27700                Options.report_bg_io_stats: 0
2021/09/29-00:24:48.247389 7fc5f5a27700                               Options.ttl: 2592000
2021/09/29-00:24:48.247515 7fc5f5a27700          Options.periodic_compaction_seconds: 0
2021/09/29-00:24:48.247517 7fc5f5a27700                    Options.enable_blob_files: false
2021/09/29-00:24:48.247517 7fc5f5a27700                        Options.min_blob_size: 0
2021/09/29-00:24:48.247518 7fc5f5a27700                       Options.blob_file_size: 268435456
2021/09/29-00:24:48.247519 7fc5f5a27700                Options.blob_compression_type: NoCompression
2021/09/29-00:24:48.247645 7fc5f5a27700       Options.enable_blob_garbage_collection: false
2021/09/29-00:24:48.247647 7fc5f5a27700   Options.blob_garbage_collection_age_cutoff: 0.250000
2021/09/29-00:24:48.247679 7fc5f5a27700 [/column_family.cc:597] --------------- Options for column family []:
2021/09/29-00:24:48.247680 7fc5f5a27700               Options.comparator: leveldb.BytewiseComparator
2021/09/29-00:24:48.247680 7fc5f5a27700           Options.merge_operator: None
2021/09/29-00:24:48.247681 7fc5f5a27700        Options.compaction_filter: None
2021/09/29-00:24:48.247807 7fc5f5a27700        Options.compaction_filter_factory: None
2021/09/29-00:24:48.247809 7fc5f5a27700  Options.sst_partitioner_factory: None
2021/09/29-00:24:48.247810 7fc5f5a27700         Options.memtable_factory: SkipListFactory
2021/09/29-00:24:48.247810 7fc5f5a27700            Options.table_factory: BlockBasedTable
2021/09/29-00:24:48.247828 7fc5f5a27700            table_factory options:   flush_block_policy_factory: FlushBlockBySizePolicyFactory (0x7fc5f1426910)
  cache_index_and_filter_blocks: 0
  cache_index_and_filter_blocks_with_high_priority: 1
  pin_l0_filter_and_index_blocks_in_cache: 0
  pin_top_level_index_and_filter: 1
  index_type: 0
  data_block_index_type: 0
  index_shortening: 1
  data_block_hash_table_util_ratio: 0.750000
  hash_index_allow_collision: 1
  checksum: 1
  no_block_cache: 0
  block_cache: 0x7fc5f1426950
  block_cache_name: LRUCache
  block_cache_options:
    capacity : 8388608
    num_shard_bits : 4
    strict_capacity_limit : 0
    memory_allocator : None
    high_pri_pool_ratio: 0.000
  block_cache_compressed: (nil)
  persistent_cache: (nil)
  block_size: 4096
  block_size_deviation: 10
  block_restart_interval: 16
  index_block_restart_interval: 1
  metadata_block_size: 4096
  partition_filters: 0
  use_delta_encoding: 1
  filter_policy: nullptr
  whole_key_filtering: 1
  verify_compression: 0
  read_amp_bytes_per_bit: 0
  format_version: 4
  enable_index_compression: 1
  block_align: 0
2021/09/29-00:24:48.248078 7fc5f5a27700        Options.write_buffer_size: 67108864
2021/09/29-00:24:48.248080 7fc5f5a27700  Options.max_write_buffer_number: 2
2021/09/29-00:24:48.248082 7fc5f5a27700          Options.compression: Snappy
2021/09/29-00:24:48.248082 7fc5f5a27700                  Options.bottommost_compression: Disabled
2021/09/29-00:24:48.248083 7fc5f5a27700       Options.prefix_extractor: nullptr
2021/09/29-00:24:48.248083 7fc5f5a27700   Options.memtable_insert_with_hint_prefix_extractor: nullptr
2021/09/29-00:24:48.248213 7fc5f5a27700             Options.num_levels: 7
2021/09/29-00:24:48.248215 7fc5f5a27700        Options.min_write_buffer_number_to_merge: 1
2021/09/29-00:24:48.248216 7fc5f5a27700     Options.max_write_buffer_number_to_maintain: 0
2021/09/29-00:24:48.248217 7fc5f5a27700     Options.max_write_buffer_size_to_maintain: 134217728
2021/09/29-00:24:48.248217 7fc5f5a27700            Options.bottommost_compression_opts.window_bits: -14
2021/09/29-00:24:48.248218 7fc5f5a27700                  Options.bottommost_compression_opts.level: 32767
2021/09/29-00:24:48.248355 7fc5f5a27700               Options.bottommost_compression_opts.strategy: 0
2021/09/29-00:24:48.248357 7fc5f5a27700         Options.bottommost_compression_opts.max_dict_bytes: 0
2021/09/29-00:24:48.248358 7fc5f5a27700         Options.bottommost_compression_opts.zstd_max_train_bytes: 0
2021/09/29-00:24:48.248359 7fc5f5a27700         Options.bottommost_compression_opts.parallel_threads: 1
