2021/09/28-22:09:33.015393 7f17dd8f3700 RocksDB version: 6.15.2
2021/09/28-22:09:33.015684 7f17dd8f3700 Git sha rocksdb_build_git_sha:
2021/09/28-22:09:33.015687 7f17dd8f3700 Compile date Jan  4 2021
2021/09/28-22:09:33.015736 7f17dd8f3700 DB SUMMARY
2021/09/28-22:09:33.015737 7f17dd8f3700 DB Session ID:  R79C9BUC8JAD31DAO7MD
2021/09/28-22:09:33.016994 7f17dd8f3700 CURRENT file:  CURRENT
2021/09/28-22:09:33.016996 7f17dd8f3700 IDENTITY file:  IDENTITY
2021/09/28-22:09:33.017491 7f17dd8f3700 MANIFEST file:  MANIFEST-000003 size: 497 Bytes
2021/09/28-22:09:33.017495 7f17dd8f3700 SST files in /mnt/c/Users/assid/Documents/Workspace/TrufflePatient-NW/config/IBFT-Network/Node-3/data/database dir, Total Num: 0, files: 
2021/09/28-22:09:33.017629 7f17dd8f3700 Write Ahead Log file in /mnt/c/Users/assid/Documents/Workspace/TrufflePatient-NW/config/IBFT-Network/Node-3/data/database: 000004.log size: 461859 ; 
2021/09/28-22:09:33.017634 7f17dd8f3700                         Options.error_if_exists: 0
2021/09/28-22:09:33.017635 7f17dd8f3700                       Options.create_if_missing: 1
2021/09/28-22:09:33.017968 7f17dd8f3700                         Options.paranoid_checks: 1
2021/09/28-22:09:33.017970 7f17dd8f3700                               Options.track_and_verify_wals_in_manifest: 0
2021/09/28-22:09:33.017971 7f17dd8f3700                                     Options.env: 0x7f175a7bc3c0
2021/09/28-22:09:33.017972 7f17dd8f3700                                      Options.fs: Posix File System
2021/09/28-22:09:33.017972 7f17dd8f3700                                Options.info_log: 0x7f17d945ed90
2021/09/28-22:09:33.018107 7f17dd8f3700                Options.max_file_opening_threads: 16
2021/09/28-22:09:33.018109 7f17dd8f3700                              Options.statistics: 0x7f17d9386b10
2021/09/28-22:09:33.018109 7f17dd8f3700                               Options.use_fsync: 0
2021/09/28-22:09:33.018110 7f17dd8f3700                       Options.max_log_file_size: 0
2021/09/28-22:09:33.018111 7f17dd8f3700                  Options.max_manifest_file_size: 1073741824
2021/09/28-22:09:33.018111 7f17dd8f3700                   Options.log_file_time_to_roll: 0
2021/09/28-22:09:33.018254 7f17dd8f3700                       Options.keep_log_file_num: 1000
2021/09/28-22:09:33.018257 7f17dd8f3700                    Options.recycle_log_file_num: 0
2021/09/28-22:09:33.018258 7f17dd8f3700                         Options.allow_fallocate: 1
2021/09/28-22:09:33.018258 7f17dd8f3700                        Options.allow_mmap_reads: 0
2021/09/28-22:09:33.018259 7f17dd8f3700                       Options.allow_mmap_writes: 0
2021/09/28-22:09:33.018386 7f17dd8f3700                        Options.use_direct_reads: 0
2021/09/28-22:09:33.018388 7f17dd8f3700                        Options.use_direct_io_for_flush_and_compaction: 0
2021/09/28-22:09:33.018388 7f17dd8f3700          Options.create_missing_column_families: 1
2021/09/28-22:09:33.018389 7f17dd8f3700                              Options.db_log_dir: 
2021/09/28-22:09:33.018390 7f17dd8f3700                                 Options.wal_dir: /mnt/c/Users/assid/Documents/Workspace/TrufflePatient-NW/config/IBFT-Network/Node-3/data/database
2021/09/28-22:09:33.018512 7f17dd8f3700                Options.table_cache_numshardbits: 6
2021/09/28-22:09:33.018514 7f17dd8f3700                         Options.WAL_ttl_seconds: 0
2021/09/28-22:09:33.018515 7f17dd8f3700                       Options.WAL_size_limit_MB: 0
2021/09/28-22:09:33.018515 7f17dd8f3700                        Options.max_write_batch_group_size_bytes: 1048576
2021/09/28-22:09:33.018516 7f17dd8f3700             Options.manifest_preallocation_size: 4194304
2021/09/28-22:09:33.018650 7f17dd8f3700                     Options.is_fd_close_on_exec: 1
2021/09/28-22:09:33.018652 7f17dd8f3700                   Options.advise_random_on_open: 1
2021/09/28-22:09:33.018653 7f17dd8f3700                    Options.db_write_buffer_size: 0
2021/09/28-22:09:33.018654 7f17dd8f3700                    Options.write_buffer_manager: 0x7f17d945e7f0
2021/09/28-22:09:33.018654 7f17dd8f3700         Options.access_hint_on_compaction_start: 1
2021/09/28-22:09:33.018800 7f17dd8f3700  Options.new_table_reader_for_compaction_inputs: 0
2021/09/28-22:09:33.018803 7f17dd8f3700           Options.random_access_max_buffer_size: 1048576
2021/09/28-22:09:33.018804 7f17dd8f3700                      Options.use_adaptive_mutex: 0
2021/09/28-22:09:33.018804 7f17dd8f3700                            Options.rate_limiter: (nil)
2021/09/28-22:09:33.018807 7f17dd8f3700     Options.sst_file_manager.rate_bytes_per_sec: 0
2021/09/28-22:09:33.018808 7f17dd8f3700                       Options.wal_recovery_mode: 2
2021/09/28-22:09:33.018933 7f17dd8f3700                  Options.enable_thread_tracking: 0
2021/09/28-22:09:33.018935 7f17dd8f3700                  Options.enable_pipelined_write: 0
2021/09/28-22:09:33.018936 7f17dd8f3700                  Options.unordered_write: 0
2021/09/28-22:09:33.018936 7f17dd8f3700         Options.allow_concurrent_memtable_write: 1
2021/09/28-22:09:33.018937 7f17dd8f3700      Options.enable_write_thread_adaptive_yield: 1
2021/09/28-22:09:33.018937 7f17dd8f3700             Options.write_thread_max_yield_usec: 100
2021/09/28-22:09:33.019068 7f17dd8f3700            Options.write_thread_slow_yield_usec: 3
2021/09/28-22:09:33.019070 7f17dd8f3700                               Options.row_cache: None
2021/09/28-22:09:33.019071 7f17dd8f3700                              Options.wal_filter: None
2021/09/28-22:09:33.019072 7f17dd8f3700             Options.avoid_flush_during_recovery: 0
2021/09/28-22:09:33.019072 7f17dd8f3700             Options.allow_ingest_behind: 0
2021/09/28-22:09:33.019190 7f17dd8f3700             Options.preserve_deletes: 0
2021/09/28-22:09:33.019192 7f17dd8f3700             Options.two_write_queues: 0
2021/09/28-22:09:33.019193 7f17dd8f3700             Options.manual_wal_flush: 0
2021/09/28-22:09:33.019194 7f17dd8f3700             Options.atomic_flush: 0
2021/09/28-22:09:33.019194 7f17dd8f3700             Options.avoid_unnecessary_blocking_io: 0
2021/09/28-22:09:33.019195 7f17dd8f3700                 Options.persist_stats_to_disk: 0
2021/09/28-22:09:33.019361 7f17dd8f3700                 Options.write_dbid_to_manifest: 0
2021/09/28-22:09:33.019363 7f17dd8f3700                 Options.log_readahead_size: 0
2021/09/28-22:09:33.019364 7f17dd8f3700                 Options.file_checksum_gen_factory: Unknown
2021/09/28-22:09:33.019365 7f17dd8f3700                 Options.best_efforts_recovery: 0
2021/09/28-22:09:33.019365 7f17dd8f3700                Options.max_bgerror_resume_count: 2147483647
2021/09/28-22:09:33.019366 7f17dd8f3700            Options.bgerror_resume_retry_interval: 1000000
2021/09/28-22:09:33.019503 7f17dd8f3700             Options.allow_data_in_errors: 0
2021/09/28-22:09:33.019506 7f17dd8f3700             Options.db_host_id: __hostname__
2021/09/28-22:09:33.019509 7f17dd8f3700             Options.max_background_jobs: 2
2021/09/28-22:09:33.019509 7f17dd8f3700             Options.max_background_compactions: 4
2021/09/28-22:09:33.019510 7f17dd8f3700             Options.max_subcompactions: 1
2021/09/28-22:09:33.019511 7f17dd8f3700             Options.avoid_flush_during_shutdown: 0
2021/09/28-22:09:33.019648 7f17dd8f3700           Options.writable_file_max_buffer_size: 1048576
2021/09/28-22:09:33.019651 7f17dd8f3700             Options.delayed_write_rate : 16777216
2021/09/28-22:09:33.019651 7f17dd8f3700             Options.max_total_wal_size: 0
2021/09/28-22:09:33.019652 7f17dd8f3700             Options.delete_obsolete_files_period_micros: 21600000000
2021/09/28-22:09:33.019653 7f17dd8f3700                   Options.stats_dump_period_sec: 600
2021/09/28-22:09:33.019777 7f17dd8f3700                 Options.stats_persist_period_sec: 600
2021/09/28-22:09:33.019779 7f17dd8f3700                 Options.stats_history_buffer_size: 1048576
2021/09/28-22:09:33.019780 7f17dd8f3700                          Options.max_open_files: 1024
2021/09/28-22:09:33.019781 7f17dd8f3700                          Options.bytes_per_sync: 0
2021/09/28-22:09:33.019781 7f17dd8f3700                      Options.wal_bytes_per_sync: 0
2021/09/28-22:09:33.019782 7f17dd8f3700                   Options.strict_bytes_per_sync: 0
2021/09/28-22:09:33.019920 7f17dd8f3700       Options.compaction_readahead_size: 0
2021/09/28-22:09:33.019922 7f17dd8f3700                  Options.max_background_flushes: -1
2021/09/28-22:09:33.019922 7f17dd8f3700 Compression algorithms supported:
2021/09/28-22:09:33.019923 7f17dd8f3700 	kZSTDNotFinalCompression supported: 1
2021/09/28-22:09:33.019929 7f17dd8f3700 	kZSTD supported: 1
2021/09/28-22:09:33.019930 7f17dd8f3700 	kXpressCompression supported: 0
2021/09/28-22:09:33.020063 7f17dd8f3700 	kLZ4HCCompression supported: 1
2021/09/28-22:09:33.020066 7f17dd8f3700 	kLZ4Compression supported: 1
2021/09/28-22:09:33.020066 7f17dd8f3700 	kBZip2Compression supported: 1
2021/09/28-22:09:33.020067 7f17dd8f3700 	kZlibCompression supported: 1
2021/09/28-22:09:33.020068 7f17dd8f3700 	kSnappyCompression supported: 1
2021/09/28-22:09:33.020072 7f17dd8f3700 Fast CRC32 supported: Not supported on x86
2021/09/28-22:09:33.024442 7f17dd8f3700 [/version_set.cc:4725] Recovering from manifest file: /mnt/c/Users/assid/Documents/Workspace/TrufflePatient-NW/config/IBFT-Network/Node-3/data/database/MANIFEST-000003
2021/09/28-22:09:33.026318 7f17dd8f3700 [/column_family.cc:597] --------------- Options for column family [default]:
2021/09/28-22:09:33.026321 7f17dd8f3700               Options.comparator: leveldb.BytewiseComparator
2021/09/28-22:09:33.026322 7f17dd8f3700           Options.merge_operator: None
2021/09/28-22:09:33.026323 7f17dd8f3700        Options.compaction_filter: None
2021/09/28-22:09:33.026447 7f17dd8f3700        Options.compaction_filter_factory: None
2021/09/28-22:09:33.026449 7f17dd8f3700  Options.sst_partitioner_factory: None
2021/09/28-22:09:33.026450 7f17dd8f3700         Options.memtable_factory: SkipListFactory
2021/09/28-22:09:33.026451 7f17dd8f3700            Options.table_factory: BlockBasedTable
2021/09/28-22:09:33.026473 7f17dd8f3700            table_factory options:   flush_block_policy_factory: FlushBlockBySizePolicyFactory (0x7f17d93919b0)
  cache_index_and_filter_blocks: 0
  cache_index_and_filter_blocks_with_high_priority: 1
  pin_l0_filter_and_index_blocks_in_cache: 0
  pin_top_level_index_and_filter: 1
  index_type: 0
  data_block_index_type: 0
  index_shortening: 1
  data_block_hash_table_util_ratio: 0.750000
  hash_index_allow_collision: 1
  checksum: 1
  no_block_cache: 0
  block_cache: 0x7f17d938f4e0
  block_cache_name: LRUCache
  block_cache_options:
    capacity : 8388608
    num_shard_bits : 4
    strict_capacity_limit : 0
    memory_allocator : None
    high_pri_pool_ratio: 0.000
  block_cache_compressed: (nil)
  persistent_cache: (nil)
  block_size: 4096
  block_size_deviation: 10
  block_restart_interval: 16
  index_block_restart_interval: 1
  metadata_block_size: 4096
  partition_filters: 0
  use_delta_encoding: 1
  filter_policy: nullptr
  whole_key_filtering: 1
  verify_compression: 0
  read_amp_bytes_per_bit: 0
  format_version: 4
  enable_index_compression: 1
  block_align: 0
2021/09/28-22:09:33.026754 7f17dd8f3700        Options.write_buffer_size: 67108864
2021/09/28-22:09:33.026876 7f17dd8f3700  Options.max_write_buffer_number: 2
2021/09/28-22:09:33.026879 7f17dd8f3700          Options.compression: Snappy
2021/09/28-22:09:33.026880 7f17dd8f3700                  Options.bottommost_compression: Disabled
2021/09/28-22:09:33.026881 7f17dd8f3700       Options.prefix_extractor: nullptr
2021/09/28-22:09:33.026881 7f17dd8f3700   Options.memtable_insert_with_hint_prefix_extractor: nullptr
2021/09/28-22:09:33.026882 7f17dd8f3700             Options.num_levels: 7
2021/09/28-22:09:33.027003 7f17dd8f3700        Options.min_write_buffer_number_to_merge: 1
2021/09/28-22:09:33.027005 7f17dd8f3700     Options.max_write_buffer_number_to_maintain: 0
2021/09/28-22:09:33.027006 7f17dd8f3700     Options.max_write_buffer_size_to_maintain: 134217728
2021/09/28-22:09:33.027006 7f17dd8f3700            Options.bottommost_compression_opts.window_bits: -14
2021/09/28-22:09:33.027007 7f17dd8f3700                  Options.bottommost_compression_opts.level: 32767
2021/09/28-22:09:33.027138 7f17dd8f3700               Options.bottommost_compression_opts.strategy: 0
2021/09/28-22:09:33.027141 7f17dd8f3700         Options.bottommost_compression_opts.max_dict_bytes: 0
2021/09/28-22:09:33.027142 7f17dd8f3700         Options.bottommost_compression_opts.zstd_max_train_bytes: 0
2021/09/28-22:09:33.027142 7f17dd8f3700         Options.bottommost_compression_opts.parallel_threads: 1
2021/09/28-22:09:33.027143 7f17dd8f3700                  Options.bottommost_compression_opts.enabled: false
2021/09/28-22:09:33.027274 7f17dd8f3700            Options.compression_opts.window_bits: -14
2021/09/28-22:09:33.027277 7f17dd8f3700                  Options.compression_opts.level: 32767
2021/09/28-22:09:33.027277 7f17dd8f3700               Options.compression_opts.strategy: 0
2021/09/28-22:09:33.027278 7f17dd8f3700         Options.compression_opts.max_dict_bytes: 0
2021/09/28-22:09:33.027279 7f17dd8f3700         Options.compression_opts.zstd_max_train_bytes: 0
2021/09/28-22:09:33.027279 7f17dd8f3700         Options.compression_opts.parallel_threads: 1
2021/09/28-22:09:33.027401 7f17dd8f3700                  Options.compression_opts.enabled: false
2021/09/28-22:09:33.027403 7f17dd8f3700      Options.level0_file_num_compaction_trigger: 4
2021/09/28-22:09:33.027404 7f17dd8f3700          Options.level0_slowdown_writes_trigger: 20
2021/09/28-22:09:33.027404 7f17dd8f3700              Options.level0_stop_writes_trigger: 36
2021/09/28-22:09:33.027405 7f17dd8f3700                   Options.target_file_size_base: 67108864
2021/09/28-22:09:33.027527 7f17dd8f3700             Options.target_file_size_multiplier: 1
2021/09/28-22:09:33.027529 7f17dd8f3700                Options.max_bytes_for_level_base: 268435456
2021/09/28-22:09:33.027530 7f17dd8f3700 Options.level_compaction_dynamic_level_bytes: 0
2021/09/28-22:09:33.027530 7f17dd8f3700          Options.max_bytes_for_level_multiplier: 10.000000
2021/09/28-22:09:33.027533 7f17dd8f3700 Options.max_bytes_for_level_multiplier_addtl[0]: 1
2021/09/28-22:09:33.027534 7f17dd8f3700 Options.max_bytes_for_level_multiplier_addtl[1]: 1
2021/09/28-22:09:33.027652 7f17dd8f3700 Options.max_bytes_for_level_multiplier_addtl[2]: 1
2021/09/28-22:09:33.027655 7f17dd8f3700 Options.max_bytes_for_level_multiplier_addtl[3]: 1
2021/09/28-22:09:33.027655 7f17dd8f3700 Options.max_bytes_for_level_multiplier_addtl[4]: 1
2021/09/28-22:09:33.027656 7f17dd8f3700 Options.max_bytes_for_level_multiplier_addtl[5]: 1
2021/09/28-22:09:33.027656 7f17dd8f3700 Options.max_bytes_for_level_multiplier_addtl[6]: 1
2021/09/28-22:09:33.027776 7f17dd8f3700       Options.max_sequential_skip_in_iterations: 8
2021/09/28-22:09:33.027778 7f17dd8f3700                    Options.max_compaction_bytes: 1677721600
2021/09/28-22:09:33.027779 7f17dd8f3700                        Options.arena_block_size: 8388608
2021/09/28-22:09:33.027780 7f17dd8f3700   Options.soft_pending_compaction_bytes_limit: 68719476736
2021/09/28-22:09:33.027780 7f17dd8f3700   Options.hard_pending_compaction_bytes_limit: 274877906944
2021/09/28-22:09:33.027781 7f17dd8f3700       Options.rate_limit_delay_max_milliseconds: 100
2021/09/28-22:09:33.027898 7f17dd8f3700                Options.disable_auto_compactions: 1
2021/09/28-22:09:33.027901 7f17dd8f3700                        Options.compaction_style: kCompactionStyleLevel
2021/09/28-22:09:33.027902 7f17dd8f3700                          Options.compaction_pri: kMinOverlappingRatio
2021/09/28-22:09:33.027902 7f17dd8f3700 Options.compaction_options_universal.size_ratio: 1
2021/09/28-22:09:33.027903 7f17dd8f3700 Options.compaction_options_universal.min_merge_width: 2
2021/09/28-22:09:33.028023 7f17dd8f3700 Options.compaction_options_universal.max_merge_width: 4294967295
2021/09/28-22:09:33.028026 7f17dd8f3700 Options.compaction_options_universal.max_size_amplification_percent: 200
2021/09/28-22:09:33.028027 7f17dd8f3700 Options.compaction_options_universal.compression_size_percent: -1
2021/09/28-22:09:33.028028 7f17dd8f3700 Options.compaction_options_universal.stop_style: kCompactionStopStyleTotalSize
2021/09/28-22:09:33.028028 7f17dd8f3700 Options.compaction_options_fifo.max_table_files_size: 1073741824
2021/09/28-22:09:33.028173 7f17dd8f3700 Options.compaction_options_fifo.allow_compaction: 0
2021/09/28-22:09:33.028177 7f17dd8f3700                   Options.table_properties_collectors: 
2021/09/28-22:09:33.028178 7f17dd8f3700                   Options.inplace_update_support: 0
2021/09/28-22:09:33.028179 7f17dd8f3700                 Options.inplace_update_num_locks: 10000
2021/09/28-22:09:33.028179 7f17dd8f3700               Options.memtable_prefix_bloom_size_ratio: 0.000000
2021/09/28-22:09:33.028305 7f17dd8f3700               Options.memtable_whole_key_filtering: 0
2021/09/28-22:09:33.028307 7f17dd8f3700   Options.memtable_huge_page_size: 0
2021/09/28-22:09:33.028307 7f17dd8f3700                           Options.bloom_locality: 0
2021/09/28-22:09:33.028308 7f17dd8f3700                    Options.max_successive_merges: 0
2021/09/28-22:09:33.028308 7f17dd8f3700                Options.optimize_filters_for_hits: 0
2021/09/28-22:09:33.028427 7f17dd8f3700                Options.paranoid_file_checks: 0
2021/09/28-22:09:33.028429 7f17dd8f3700                Options.force_consistency_checks: 1
2021/09/28-22:09:33.028430 7f17dd8f3700                Options.report_bg_io_stats: 0
2021/09/28-22:09:33.028430 7f17dd8f3700                               Options.ttl: 2592000
2021/09/28-22:09:33.028431 7f17dd8f3700          Options.periodic_compaction_seconds: 0
2021/09/28-22:09:33.028432 7f17dd8f3700                    Options.enable_blob_files: false
2021/09/28-22:09:33.028553 7f17dd8f3700                        Options.min_blob_size: 0
2021/09/28-22:09:33.028564 7f17dd8f3700                       Options.blob_file_size: 268435456
2021/09/28-22:09:33.028566 7f17dd8f3700                Options.blob_compression_type: NoCompression
2021/09/28-22:09:33.028566 7f17dd8f3700       Options.enable_blob_garbage_collection: false
2021/09/28-22:09:33.028567 7f17dd8f3700   Options.blob_garbage_collection_age_cutoff: 0.250000
2021/09/28-22:09:33.029133 7f17dd8f3700 [/column_family.cc:597] --------------- Options for column family []:
2021/09/28-22:09:33.029261 7f17dd8f3700               Options.comparator: leveldb.BytewiseComparator
2021/09/28-22:09:33.029264 7f17dd8f3700           Options.merge_operator: None
2021/09/28-22:09:33.029265 7f17dd8f3700        Options.compaction_filter: None
2021/09/28-22:09:33.029265 7f17dd8f3700        Options.compaction_filter_factory: None
2021/09/28-22:09:33.029266 7f17dd8f3700  Options.sst_partitioner_factory: None
2021/09/28-22:09:33.029390 7f17dd8f3700         Options.memtable_factory: SkipListFactory
2021/09/28-22:09:33.029392 7f17dd8f3700            Options.table_factory: BlockBasedTable
2021/09/28-22:09:33.029410 7f17dd8f3700            table_factory options:   flush_block_policy_factory: FlushBlockBySizePolicyFactory (0x7f17d9379dc0)
  cache_index_and_filter_blocks: 0
  cache_index_and_filter_blocks_with_high_priority: 1
  pin_l0_filter_and_index_blocks_in_cache: 0
  pin_top_level_index_and_filter: 1
  index_type: 0
  data_block_index_type: 0
  index_shortening: 1
  data_block_hash_table_util_ratio: 0.750000
  hash_index_allow_collision: 1
  checksum: 1
  no_block_cache: 0
  block_cache: 0x7f17d9379e00
  block_cache_name: LRUCache
  block_cache_options:
    capacity : 8388608
    num_shard_bits : 4
    strict_capacity_limit : 0
    memory_allocator : None
    high_pri_pool_ratio: 0.000
  block_cache_compressed: (nil)
  persistent_cache: (nil)
  block_size: 4096
  block_size_deviation: 10
  block_restart_interval: 16
  index_block_restart_interval: 1
  metadata_block_size: 4096
  partition_filters: 0
  use_delta_encoding: 1
  filter_policy: nullptr
  whole_key_filtering: 1
  verify_compression: 0
  read_amp_bytes_per_bit: 0
  format_version: 4
  enable_index_compression: 1
  block_align: 0
2021/09/28-22:09:33.029643 7f17dd8f3700        Options.write_buffer_size: 67108864
2021/09/28-22:09:33.029646 7f17dd8f3700  Options.max_write_buffer_number: 2
2021/09/28-22:09:33.029647 7f17dd8f3700          Options.compression: Snappy
2021/09/28-22:09:33.029772 7f17dd8f3700                  Options.bottommost_compression: Disabled
2021/09/28-22:09:33.029774 7f17dd8f3700       Options.prefix_extractor: nullptr
2021/09/28-22:09:33.029775 7f17dd8f3700   Options.memtable_insert_with_hint_prefix_extractor: nullptr
2021/09/28-22:09:33.029775 7f17dd8f3700             Options.num_levels: 7
2021/09/28-22:09:33.029776 7f17dd8f3700        Options.min_write_buffer_number_to_merge: 1
2021/09/28-22:09:33.029777 7f17dd8f3700     Options.max_write_buffer_number_to_maintain: 0
2021/09/28-22:09:33.029895 7f17dd8f3700     Options.max_write_buffer_size_to_maintain: 134217728
2021/09/28-22:09:33.029897 7f17dd8f3700            Options.bottommost_compression_opts.window_bits: -14
2021/09/28-22:09:33.029898 7f17dd8f3700                  Options.bottommost_compression_opts.level: 32767
2021/09/28-22:09:33.029898 7f17dd8f3700               Options.bottommost_compression_opts.strategy: 0
2021/09/28-22:09:33.029899 7f17dd8f3700         Options.bottommost_compression_opts.max_dict_bytes: 0
2021/09/28-22:09:33.030019 7f17dd8f3700         Options.bottommost_compression_opts.zstd_max_train_bytes: 0
2021/09/28-22:09:33.030021 7f17dd8f3700         Options.bottommost_compression_opts.parallel_threads: 1
2021/09/28-22:09:33.030021 7f17dd8f3700                  Options.bottommost_compression_opts.enabled: false
2021/09/28-22:09:33.030022 7f17dd8f3700            Options.compression_opts.window_bits: -14
2021/09/28-22:09:33.030023 7f17dd8f3700                  Options.compression_opts.level: 32767
2021/09/28-22:09:33.030152 7f17dd8f3700               Options.compression_opts.strategy: 0
2021/09/28-22:09:33.030155 7f17dd8f3700         Options.compression_opts.max_dict_bytes: 0
2021/09/28-22:09:33.030156 7f17dd8f3700         Options.compression_opts.zstd_max_train_bytes: 0
2021/09/28-22:09:33.030156 7f17dd8f3700         Options.compression_opts.parallel_threads: 1
2021/09/28-22:09:33.030157 7f17dd8f3700                  Options.compression_opts.enabled: false
2021/09/28-22:09:33.030157 7f17dd8f3700      Options.level0_file_num_compaction_trigger: 4
2021/09/28-22:09:33.030282 7f17dd8f3700          Options.level0_slowdown_writes_trigger: 20
2021/09/28-22:09:33.030285 7f17dd8f3700              Options.level0_stop_writes_trigger: 36
2021/09/28-22:09:33.030285 7f17dd8f3700                   Options.target_file_size_base: 67108864
2021/09/28-22:09:33.030286 7f17dd8f3700             Options.target_file_size_multiplier: 1
2021/09/28-22:09:33.030287 7f17dd8f3700                Options.max_bytes_for_level_base: 268435456
2021/09/28-22:09:33.030407 7f17dd8f3700 Options.level_compaction_dynamic_level_bytes: 0
2021/09/28-22:09:33.030410 7f17dd8f3700          Options.max_bytes_for_level_multiplier: 10.000000
2021/09/28-22:09:33.030412 7f17dd8f3700 Options.max_bytes_for_level_multiplier_addtl[0]: 1
2021/09/28-22:09:33.030412 7f17dd8f3700 Options.max_bytes_for_level_multiplier_addtl[1]: 1
2021/09/28-22:09:33.030413 7f17dd8f3700 Options.max_bytes_for_level_multiplier_addtl[2]: 1
2021/09/28-22:09:33.030414 7f17dd8f3700 Options.max_bytes_for_level_multiplier_addtl[3]: 1
2021/09/28-22:09:33.030534 7f17dd8f3700 Options.max_bytes_for_level_multiplier_addtl[4]: 1
2021/09/28-22:09:33.030536 7f17dd8f3700 Options.max_bytes_for_level_multiplier_addtl[5]: 1
2021/09/28-22:09:33.030537 7f17dd8f3700 Options.max_bytes_for_level_multiplier_addtl[6]: 1
2021/09/28-22:09:33.030537 7f17dd8f3700       Options.max_sequential_skip_in_iterations: 8
2021/09/28-22:09:33.030538 7f17dd8f3700                    Options.max_compaction_bytes: 1677721600
2021/09/28-22:09:33.030657 7f17dd8f3700                        Options.arena_block_size: 8388608
2021/09/28-22:09:33.030659 7f17dd8f3700   Options.soft_pending_compaction_bytes_limit: 68719476736
2021/09/28-22:09:33.030660 7f17dd8f3700   Options.hard_pending_compaction_bytes_limit: 274877906944
2021/09/28-22:09:33.030660 7f17dd8f3700       Options.rate_limit_delay_max_milliseconds: 100
2021/09/28-22:09:33.030661 7f17dd8f3700                Options.disable_auto_compactions: 1
2021/09/28-22:09:33.030781 7f17dd8f3700                        Options.compaction_style: kCompactionStyleLevel
2021/09/28-22:09:33.030783 7f17dd8f3700                          Options.compaction_pri: kMinOverlappingRatio
2021/09/28-22:09:33.030784 7f17dd8f3700 Options.compaction_options_universal.size_ratio: 1
2021/09/28-22:09:33.030785 7f17dd8f3700 Options.compaction_options_universal.min_merge_width: 2
2021/09/28-22:09:33.030785 7f17dd8f3700 Options.compaction_options_universal.max_merge_width: 4294967295
2021/09/28-22:09:33.030903 7f17dd8f3700 Options.compaction_options_universal.max_size_amplification_percent: 200
2021/09/28-22:09:33.030905 7f17dd8f3700 Options.compaction_options_universal.compression_size_percent: -1
2021/09/28-22:09:33.030906 7f17dd8f3700 Options.compaction_options_universal.stop_style: kCompactionStopStyleTotalSize
2021/09/28-22:09:33.030907 7f17dd8f3700 Options.compaction_options_fifo.max_table_files_size: 1073741824
2021/09/28-22:09:33.030907 7f17dd8f3700 Options.compaction_options_fifo.allow_compaction: 0
2021/09/28-22:09:33.031031 7f17dd8f3700                   Options.table_properties_collectors: 
2021/09/28-22:09:33.031034 7f17dd8f3700                   Options.inplace_update_support: 0
2021/09/28-22:09:33.031034 7f17dd8f3700                 Options.inplace_update_num_locks: 10000
2021/09/28-22:09:33.031035 7f17dd8f3700               Options.memtable_prefix_bloom_size_ratio: 0.000000
2021/09/28-22:09:33.031036 7f17dd8f3700               Options.memtable_whole_key_filtering: 0
2021/09/28-22:09:33.031037 7f17dd8f3700   Options.memtable_huge_page_size: 0
2021/09/28-22:09:33.031197 7f17dd8f3700                           Options.bloom_locality: 0
2021/09/28-22:09:33.031204 7f17dd8f3700                    Options.max_successive_merges: 0
2021/09/28-22:09:33.031205 7f17dd8f3700                Options.optimize_filters_for_hits: 0
2021/09/28-22:09:33.031206 7f17dd8f3700                Options.paranoid_file_checks: 0
2021/09/28-22:09:33.031207 7f17dd8f3700                Options.force_consistency_checks: 1
2021/09/28-22:09:33.031351 7f17dd8f3700                Options.report_bg_io_stats: 0
2021/09/28-22:09:33.031353 7f17dd8f3700                               Options.ttl: 2592000
2021/09/28-22:09:33.031354 7f17dd8f3700          Options.periodic_compaction_seconds: 0
2021/09/28-22:09:33.031355 7f17dd8f3700                    Options.enable_blob_files: false
2021/09/28-22:09:33.031356 7f17dd8f3700                        Options.min_blob_size: 0
2021/09/28-22:09:33.031356 7f17dd8f3700                       Options.blob_file_size: 268435456
2021/09/28-22:09:33.031512 7f17dd8f3700                Options.blob_compression_type: NoCompression
2021/09/28-22:09:33.031514 7f17dd8f3700       Options.enable_blob_garbage_collection: false
2021/09/28-22:09:33.031515 7f17dd8f3700   Options.blob_garbage_collection_age_cutoff: 0.250000
2021/09/28-22:09:33.031539 7f17dd8f3700 [/column_family.cc:597] --------------- Options for column family []:
2021/09/28-22:09:33.031540 7f17dd8f3700               Options.comparator: leveldb.BytewiseComparator
2021/09/28-22:09:33.031701 7f17dd8f3700           Options.merge_operator: None
2021/09/28-22:09:33.031704 7f17dd8f3700        Options.compaction_filter: None
2021/09/28-22:09:33.031705 7f17dd8f3700        Options.compaction_filter_factory: None
2021/09/28-22:09:33.031706 7f17dd8f3700  Options.sst_partitioner_factory: None
2021/09/28-22:09:33.031707 7f17dd8f3700         Options.memtable_factory: SkipListFactory
2021/09/28-22:09:33.031707 7f17dd8f3700            Options.table_factory: BlockBasedTable
2021/09/28-22:09:33.031887 7f17dd8f3700            table_factory options:   flush_block_policy_factory: FlushBlockBySizePolicyFactory (0x7f17d937bd30)
  cache_index_and_filter_blocks: 0
  cache_index_and_filter_blocks_with_high_priority: 1
  pin_l0_filter_and_index_blocks_in_cache: 0
  pin_top_level_index_and_filter: 1
  index_type: 0
  data_block_index_type: 0
  index_shortening: 1
  data_block_hash_table_util_ratio: 0.750000
  hash_index_allow_collision: 1
  checksum: 1
  no_block_cache: 0
  block_cache: 0x7f17d937bd70
  block_cache_name: LRUCache
  block_cache_options:
    capacity : 8388608
    num_shard_bits : 4
    strict_capacity_limit : 0
    memory_allocator : None
    high_pri_pool_ratio: 0.000
  block_cache_compressed: (nil)
  persistent_cache: (nil)
  block_size: 4096
  block_size_deviation: 10
  block_restart_interval: 16
  index_block_restart_interval: 1
  metadata_block_size: 4096
  partition_filters: 0
  use_delta_encoding: 1
  filter_policy: nullptr
  whole_key_filtering: 1
  verify_compression: 0
  read_amp_bytes_per_bit: 0
  format_version: 4
  enable_index_compression: 1
  block_align: 0
2021/09/28-22:09:33.032229 7f17dd8f3700        Options.write_buffer_size: 67108864
2021/09/28-22:09:33.032232 7f17dd8f3700  Options.max_write_buffer_number: 2
2021/09/28-22:09:33.032234 7f17dd8f3700          Options.compression: Snappy
2021/09/28-22:09:33.032235 7f17dd8f3700                  Options.bottommost_compression: Disabled
2021/09/28-22:09:33.032236 7f17dd8f3700       Options.prefix_extractor: nullptr
2021/09/28-22:09:33.032397 7f17dd8f3700   Options.memtable_insert_with_hint_prefix_extractor: nullptr
2021/09/28-22:09:33.032402 7f17dd8f3700             Options.num_levels: 7
2021/09/28-22:09:33.032403 7f17dd8f3700        Options.min_write_buffer_number_to_merge: 1
2021/09/28-22:09:33.032404 7f17dd8f3700     Options.max_write_buffer_number_to_maintain: 0
2021/09/28-22:09:33.032405 7f17dd8f3700     Options.max_write_buffer_size_to_maintain: 134217728
2021/09/28-22:09:33.032405 7f17dd8f3700            Options.bottommost_compression_opts.window_bits: -14
2021/09/28-22:09:33.032584 7f17dd8f3700                  Options.bottommost_compression_opts.level: 32767
2021/09/28-22:09:33.032587 7f17dd8f3700               Options.bottommost_compression_opts.strategy: 0
2021/09/28-22:09:33.032587 7f17dd8f3700         Options.bottommost_compression_opts.max_dict_bytes: 0
2021/09/28-22:09:33.032588 7f17dd8f3700         Options.bottommost_compression_opts.zstd_max_train_bytes: 0
2021/09/28-22:09:33.032589 7f17dd8f3700         Options.bottommost_compression_opts.parallel_threads: 1
2021/09/28-22:09:33.032736 7f17dd8f3700                  Options.bottommost_compression_opts.enabled: false
2021/09/28-22:09:33.032739 7f17dd8f3700            Options.compression_opts.window_bits: -14
2021/09/28-22:09:33.032739 7f17dd8f3700                  Options.compression_opts.level: 32767
2021/09/28-22:09:33.032740 7f17dd8f3700               Options.compression_opts.strategy: 0
2021/09/28-22:09:33.032741 7f17dd8f3700         Options.compression_opts.max_dict_bytes: 0
2021/09/28-22:09:33.032909 7f17dd8f3700         Options.compression_opts.zstd_max_train_bytes: 0
2021/09/28-22:09:33.032912 7f17dd8f3700         Options.compression_opts.parallel_threads: 1
2021/09/28-22:09:33.032912 7f17dd8f3700                  Options.compression_opts.enabled: false
2021/09/28-22:09:33.032913 7f17dd8f3700      Options.level0_file_num_compaction_trigger: 4
2021/09/28-22:09:33.032914 7f17dd8f3700          Options.level0_slowdown_writes_trigger: 20
2021/09/28-22:09:33.033072 7f17dd8f3700              Options.level0_stop_writes_trigger: 36
2021/09/28-22:09:33.033075 7f17dd8f3700                   Options.target_file_size_base: 67108864
2021/09/28-22:09:33.033076 7f17dd8f3700             Options.target_file_size_multiplier: 1
2021/09/28-22:09:33.033077 7f17dd8f3700                Options.max_bytes_for_level_base: 268435456
2021/09/28-22:09:33.033077 7f17dd8f3700 Options.level_compaction_dynamic_level_bytes: 0
2021/09/28-22:09:33.033078 7f17dd8f3700          Options.max_bytes_for_level_multiplier: 10.000000
2021/09/28-22:09:33.033222 7f17dd8f3700 Options.max_bytes_for_level_multiplier_addtl[0]: 1
2021/09/28-22:09:33.033225 7f17dd8f3700 Options.max_bytes_for_level_multiplier_addtl[1]: 1
2021/09/28-22:09:33.033225 7f17dd8f3700 Options.max_bytes_for_level_multiplier_addtl[2]: 1
2021/09/28-22:09:33.033226 7f17dd8f3700 Options.max_bytes_for_level_multiplier_addtl[3]: 1
2021/09/28-22:09:33.033226 7f17dd8f3700 Options.max_bytes_for_level_multiplier_addtl[4]: 1
2021/09/28-22:09:33.033409 7f17dd8f3700 Options.max_bytes_for_level_multiplier_addtl[5]: 1
2021/09/28-22:09:33.033411 7f17dd8f3700 Options.max_bytes_for_level_multiplier_addtl[6]: 1
2021/09/28-22:09:33.033412 7f17dd8f3700       Options.max_sequential_skip_in_iterations: 8
2021/09/28-22:09:33.033412 7f17dd8f3700                    Options.max_compaction_bytes: 1677721600
2021/09/28-22:09:33.033413 7f17dd8f3700                        Options.arena_block_size: 8388608
2021/09/28-22:09:33.033413 7f17dd8f3700   Options.soft_pending_compaction_bytes_limit: 68719476736
2021/09/28-22:09:33.033566 7f17dd8f3700   Options.hard_pending_compaction_bytes_limit: 274877906944
2021/09/28-22:09:33.033569 7f17dd8f3700       Options.rate_limit_delay_max_milliseconds: 100
2021/09/28-22:09:33.033570 7f17dd8f3700                Options.disable_auto_compactions: 1
2021/09/28-22:09:33.033571 7f17dd8f3700                        Options.compaction_style: kCompactionStyleLevel
2021/09/28-22:09:33.033571 7f17dd8f3700                          Options.compaction_pri: kMinOverlappingRatio
2021/09/28-22:09:33.033707 7f17dd8f3700 Options.compaction_options_universal.size_ratio: 1
2021/09/28-22:09:33.033709 7f17dd8f3700 Options.compaction_options_universal.min_merge_width: 2
2021/09/28-22:09:33.033709 7f17dd8f3700 Options.compaction_options_universal.max_merge_width: 4294967295
2021/09/28-22:09:33.033710 7f17dd8f3700 Options.compaction_options_universal.max_size_amplification_percent: 200
2021/09/28-22:09:33.033711 7f17dd8f3700 Options.compaction_options_universal.compression_size_percent: -1
2021/09/28-22:09:33.033848 7f17dd8f3700 Options.compaction_options_universal.stop_style: kCompactionStopStyleTotalSize
2021/09/28-22:09:33.033850 7f17dd8f3700 Options.compaction_options_fifo.max_table_files_size: 1073741824
2021/09/28-22:09:33.033851 7f17dd8f3700 Options.compaction_options_fifo.allow_compaction: 0
2021/09/28-22:09:33.033854 7f17dd8f3700                   Options.table_properties_collectors: 
2021/09/28-22:09:33.033855 7f17dd8f3700                   Options.inplace_update_support: 0
2021/09/28-22:09:33.033985 7f17dd8f3700                 Options.inplace_update_num_locks: 10000
2021/09/28-22:09:33.033987 7f17dd8f3700               Options.memtable_prefix_bloom_size_ratio: 0.000000
2021/09/28-22:09:33.033989 7f17dd8f3700               Options.memtable_whole_key_filtering: 0
2021/09/28-22:09:33.033990 7f17dd8f3700   Options.memtable_huge_page_size: 0
2021/09/28-22:09:33.033990 7f17dd8f3700                           Options.bloom_locality: 0
2021/09/28-22:09:33.033991 7f17dd8f3700                    Options.max_successive_merges: 0
2021/09/28-22:09:33.034126 7f17dd8f3700                Options.optimize_filters_for_hits: 0
2021/09/28-22:09:33.034129 7f17dd8f3700                Options.paranoid_file_checks: 0
2021/09/28-22:09:33.034130 7f17dd8f3700                Options.force_consistency_checks: 1
2021/09/28-22:09:33.034130 7f17dd8f3700                Options.report_bg_io_stats: 0
2021/09/28-22:09:33.034131 7f17dd8f3700                               Options.ttl: 2592000
2021/09/28-22:09:33.034266 7f17dd8f3700          Options.periodic_compaction_seconds: 0
2021/09/28-22:09:33.034268 7f17dd8f3700                    Options.enable_blob_files: false
2021/09/28-22:09:33.034269 7f17dd8f3700                        Options.min_blob_size: 0
2021/09/28-22:09:33.034270 7f17dd8f3700                       Options.blob_file_size: 268435456
2021/09/28-22:09:33.034271 7f17dd8f3700                Options.blob_compression_type: NoCompression
2021/09/28-22:09:33.034272 7f17dd8f3700       Options.enable_blob_garbage_collection: false
2021/09/28-22:09:33.034401 7f17dd8f3700   Options.blob_garbage_collection_age_cutoff: 0.250000
2021/09/28-22:09:33.034431 7f17dd8f3700 [/column_family.cc:597] --------------- Options for column family []:
2021/09/28-22:09:33.034432 7f17dd8f3700               Options.comparator: leveldb.BytewiseComparator
2021/09/28-22:09:33.034433 7f17dd8f3700           Options.merge_operator: None
2021/09/28-22:09:33.034434 7f17dd8f3700        Options.compaction_filter: None
2021/09/28-22:09:33.034580 7f17dd8f3700        Options.compaction_filter_factory: None
2021/09/28-22:09:33.034582 7f17dd8f3700  Options.sst_partitioner_factory: None
2021/09/28-22:09:33.034583 7f17dd8f3700         Options.memtable_factory: SkipListFactory
2021/09/28-22:09:33.034584 7f17dd8f3700            Options.table_factory: BlockBasedTable
2021/09/28-22:09:33.034601 7f17dd8f3700            table_factory options:   flush_block_policy_factory: FlushBlockBySizePolicyFactory (0x7f17d937dd50)
  cache_index_and_filter_blocks: 0
  cache_index_and_filter_blocks_with_high_priority: 1
  pin_l0_filter_and_index_blocks_in_cache: 0
  pin_top_level_index_and_filter: 1
  index_type: 0
  data_block_index_type: 0
  index_shortening: 1
  data_block_hash_table_util_ratio: 0.750000
  hash_index_allow_collision: 1
  checksum: 1
  no_block_cache: 0
  block_cache: 0x7f17d937dd90
  block_cache_name: LRUCache
  block_cache_options:
    capacity : 8388608
    num_shard_bits : 4
    strict_capacity_limit : 0
    memory_allocator : None
    high_pri_pool_ratio: 0.000
  block_cache_compressed: (nil)
  persistent_cache: (nil)
  block_size: 4096
  block_size_deviation: 10
  block_restart_interval: 16
  index_block_restart_interval: 1
  metadata_block_size: 4096
  partition_filters: 0
  use_delta_encoding: 1
  filter_policy: nullptr
  whole_key_filtering: 1
  verify_compression: 0
  read_amp_bytes_per_bit: 0
  format_version: 4
  enable_index_compression: 1
  block_align: 0
2021/09/28-22:09:33.034859 7f17dd8f3700        Options.write_buffer_size: 67108864
2021/09/28-22:09:33.034995 7f17dd8f3700  Options.max_write_buffer_number: 2
2021/09/28-22:09:33.034999 7f17dd8f3700          Options.compression: Snappy
2021/09/28-22:09:33.035000 7f17dd8f3700                  Options.bottommost_compression: Disabled
2021/09/28-22:09:33.035000 7f17dd8f3700       Options.prefix_extractor: nullptr
2021/09/28-22:09:33.035001 7f17dd8f3700   Options.memtable_insert_with_hint_prefix_extractor: nullptr
2021/09/28-22:09:33.035002 7f17dd8f3700             Options.num_levels: 7
2021/09/28-22:09:33.035143 7f17dd8f3700        Options.min_write_buffer_number_to_merge: 1
2021/09/28-22:09:33.035146 7f17dd8f3700     Options.max_write_buffer_number_to_maintain: 0
2021/09/28-22:09:33.035147 7f17dd8f3700     Options.max_write_buffer_size_to_maintain: 134217728
2021/09/28-22:09:33.035147 7f17dd8f3700            Options.bottommost_compression_opts.window_bits: -14
2021/09/28-22:09:33.035148 7f17dd8f3700                  Options.bottommost_compression_opts.level: 32767
2021/09/28-22:09:33.035284 7f17dd8f3700               Options.bottommost_compression_opts.strategy: 0
2021/09/28-22:09:33.035286 7f17dd8f3700         Options.bottommost_compression_opts.max_dict_bytes: 0
2021/09/28-22:09:33.035287 7f17dd8f3700         Options.bottommost_compression_opts.zstd_max_train_bytes: 0
2021/09/28-22:09:33.035287 7f17dd8f3700         Options.bottommost_compression_opts.parallel_threads: 1
