2021/09/29-01:16:53.323658 7f8275965700 RocksDB version: 6.15.2
2021/09/29-01:16:53.324063 7f8275965700 Git sha rocksdb_build_git_sha:
2021/09/29-01:16:53.324065 7f8275965700 Compile date Jan  4 2021
2021/09/29-01:16:53.324171 7f8275965700 DB SUMMARY
2021/09/29-01:16:53.324173 7f8275965700 DB Session ID:  1XWBICYAFRAH67KW1FR7
2021/09/29-01:16:53.327054 7f8275965700 CURRENT file:  CURRENT
2021/09/29-01:16:53.327057 7f8275965700 IDENTITY file:  IDENTITY
2021/09/29-01:16:53.327732 7f8275965700 MANIFEST file:  MANIFEST-000061 size: 1067 Bytes
2021/09/29-01:16:53.327740 7f8275965700 SST files in /mnt/c/Users/assid/Documents/Workspace/TrufflePatient-NW/config/IBFT-Network/Node-1/data/database dir, Total Num: 4, files: 000037.sst 000038.sst 000059.sst 000060.sst 
2021/09/29-01:16:53.327907 7f8275965700 Write Ahead Log file in /mnt/c/Users/assid/Documents/Workspace/TrufflePatient-NW/config/IBFT-Network/Node-1/data/database: 000004.log size: 461859 ; 000040.log size: 684469 ; 000062.log size: 374102 ; 
2021/09/29-01:16:53.327916 7f8275965700                         Options.error_if_exists: 0
2021/09/29-01:16:53.328235 7f8275965700                       Options.create_if_missing: 1
2021/09/29-01:16:53.328238 7f8275965700                         Options.paranoid_checks: 1
2021/09/29-01:16:53.328239 7f8275965700                               Options.track_and_verify_wals_in_manifest: 0
2021/09/29-01:16:53.328239 7f8275965700                                     Options.env: 0x7f81f27bc3c0
2021/09/29-01:16:53.328240 7f8275965700                                      Options.fs: Posix File System
2021/09/29-01:16:53.328376 7f8275965700                                Options.info_log: 0x7f82714e3f20
2021/09/29-01:16:53.328378 7f8275965700                Options.max_file_opening_threads: 16
2021/09/29-01:16:53.328379 7f8275965700                              Options.statistics: 0x7f82713deea0
2021/09/29-01:16:53.328379 7f8275965700                               Options.use_fsync: 0
2021/09/29-01:16:53.328380 7f8275965700                       Options.max_log_file_size: 0
2021/09/29-01:16:53.328380 7f8275965700                  Options.max_manifest_file_size: 1073741824
2021/09/29-01:16:53.328548 7f8275965700                   Options.log_file_time_to_roll: 0
2021/09/29-01:16:53.328551 7f8275965700                       Options.keep_log_file_num: 1000
2021/09/29-01:16:53.328552 7f8275965700                    Options.recycle_log_file_num: 0
2021/09/29-01:16:53.328552 7f8275965700                         Options.allow_fallocate: 1
2021/09/29-01:16:53.328553 7f8275965700                        Options.allow_mmap_reads: 0
2021/09/29-01:16:53.328696 7f8275965700                       Options.allow_mmap_writes: 0
2021/09/29-01:16:53.328698 7f8275965700                        Options.use_direct_reads: 0
2021/09/29-01:16:53.328699 7f8275965700                        Options.use_direct_io_for_flush_and_compaction: 0
2021/09/29-01:16:53.328700 7f8275965700          Options.create_missing_column_families: 1
2021/09/29-01:16:53.328700 7f8275965700                              Options.db_log_dir: 
2021/09/29-01:16:53.328701 7f8275965700                                 Options.wal_dir: /mnt/c/Users/assid/Documents/Workspace/TrufflePatient-NW/config/IBFT-Network/Node-1/data/database
2021/09/29-01:16:53.328849 7f8275965700                Options.table_cache_numshardbits: 6
2021/09/29-01:16:53.328851 7f8275965700                         Options.WAL_ttl_seconds: 0
2021/09/29-01:16:53.328852 7f8275965700                       Options.WAL_size_limit_MB: 0
2021/09/29-01:16:53.328853 7f8275965700                        Options.max_write_batch_group_size_bytes: 1048576
2021/09/29-01:16:53.329001 7f8275965700             Options.manifest_preallocation_size: 4194304
2021/09/29-01:16:53.329004 7f8275965700                     Options.is_fd_close_on_exec: 1
2021/09/29-01:16:53.329005 7f8275965700                   Options.advise_random_on_open: 1
2021/09/29-01:16:53.329005 7f8275965700                    Options.db_write_buffer_size: 0
2021/09/29-01:16:53.329006 7f8275965700                    Options.write_buffer_manager: 0x7f82714df210
2021/09/29-01:16:53.329169 7f8275965700         Options.access_hint_on_compaction_start: 1
2021/09/29-01:16:53.329171 7f8275965700  Options.new_table_reader_for_compaction_inputs: 0
2021/09/29-01:16:53.329172 7f8275965700           Options.random_access_max_buffer_size: 1048576
2021/09/29-01:16:53.329173 7f8275965700                      Options.use_adaptive_mutex: 0
2021/09/29-01:16:53.329174 7f8275965700                            Options.rate_limiter: (nil)
2021/09/29-01:16:53.329177 7f8275965700     Options.sst_file_manager.rate_bytes_per_sec: 0
2021/09/29-01:16:53.329323 7f8275965700                       Options.wal_recovery_mode: 2
2021/09/29-01:16:53.329325 7f8275965700                  Options.enable_thread_tracking: 0
2021/09/29-01:16:53.329326 7f8275965700                  Options.enable_pipelined_write: 0
2021/09/29-01:16:53.329326 7f8275965700                  Options.unordered_write: 0
2021/09/29-01:16:53.329327 7f8275965700         Options.allow_concurrent_memtable_write: 1
2021/09/29-01:16:53.329328 7f8275965700      Options.enable_write_thread_adaptive_yield: 1
2021/09/29-01:16:53.329463 7f8275965700             Options.write_thread_max_yield_usec: 100
2021/09/29-01:16:53.329465 7f8275965700            Options.write_thread_slow_yield_usec: 3
2021/09/29-01:16:53.329466 7f8275965700                               Options.row_cache: None
2021/09/29-01:16:53.329467 7f8275965700                              Options.wal_filter: None
2021/09/29-01:16:53.329467 7f8275965700             Options.avoid_flush_during_recovery: 0
2021/09/29-01:16:53.329603 7f8275965700             Options.allow_ingest_behind: 0
2021/09/29-01:16:53.329605 7f8275965700             Options.preserve_deletes: 0
2021/09/29-01:16:53.329606 7f8275965700             Options.two_write_queues: 0
2021/09/29-01:16:53.329607 7f8275965700             Options.manual_wal_flush: 0
2021/09/29-01:16:53.329607 7f8275965700             Options.atomic_flush: 0
2021/09/29-01:16:53.329608 7f8275965700             Options.avoid_unnecessary_blocking_io: 0
2021/09/29-01:16:53.329734 7f8275965700                 Options.persist_stats_to_disk: 0
2021/09/29-01:16:53.329736 7f8275965700                 Options.write_dbid_to_manifest: 0
2021/09/29-01:16:53.329737 7f8275965700                 Options.log_readahead_size: 0
2021/09/29-01:16:53.329737 7f8275965700                 Options.file_checksum_gen_factory: Unknown
2021/09/29-01:16:53.329738 7f8275965700                 Options.best_efforts_recovery: 0
2021/09/29-01:16:53.329739 7f8275965700                Options.max_bgerror_resume_count: 2147483647
2021/09/29-01:16:53.329886 7f8275965700            Options.bgerror_resume_retry_interval: 1000000
2021/09/29-01:16:53.329888 7f8275965700             Options.allow_data_in_errors: 0
2021/09/29-01:16:53.329889 7f8275965700             Options.db_host_id: __hostname__
2021/09/29-01:16:53.329891 7f8275965700             Options.max_background_jobs: 2
2021/09/29-01:16:53.329892 7f8275965700             Options.max_background_compactions: 4
2021/09/29-01:16:53.329893 7f8275965700             Options.max_subcompactions: 1
2021/09/29-01:16:53.330045 7f8275965700             Options.avoid_flush_during_shutdown: 0
2021/09/29-01:16:53.330047 7f8275965700           Options.writable_file_max_buffer_size: 1048576
2021/09/29-01:16:53.330048 7f8275965700             Options.delayed_write_rate : 16777216
2021/09/29-01:16:53.330049 7f8275965700             Options.max_total_wal_size: 0
2021/09/29-01:16:53.330049 7f8275965700             Options.delete_obsolete_files_period_micros: 21600000000
2021/09/29-01:16:53.330194 7f8275965700                   Options.stats_dump_period_sec: 600
2021/09/29-01:16:53.330197 7f8275965700                 Options.stats_persist_period_sec: 600
2021/09/29-01:16:53.330197 7f8275965700                 Options.stats_history_buffer_size: 1048576
2021/09/29-01:16:53.330198 7f8275965700                          Options.max_open_files: 1024
2021/09/29-01:16:53.330199 7f8275965700                          Options.bytes_per_sync: 0
2021/09/29-01:16:53.330199 7f8275965700                      Options.wal_bytes_per_sync: 0
2021/09/29-01:16:53.330366 7f8275965700                   Options.strict_bytes_per_sync: 0
2021/09/29-01:16:53.330370 7f8275965700       Options.compaction_readahead_size: 0
2021/09/29-01:16:53.330371 7f8275965700                  Options.max_background_flushes: -1
2021/09/29-01:16:53.330373 7f8275965700 Compression algorithms supported:
2021/09/29-01:16:53.330374 7f8275965700 	kZSTDNotFinalCompression supported: 1
2021/09/29-01:16:53.330386 7f8275965700 	kZSTD supported: 1
2021/09/29-01:16:53.330526 7f8275965700 	kXpressCompression supported: 0
2021/09/29-01:16:53.330529 7f8275965700 	kLZ4HCCompression supported: 1
2021/09/29-01:16:53.330530 7f8275965700 	kLZ4Compression supported: 1
2021/09/29-01:16:53.330530 7f8275965700 	kBZip2Compression supported: 1
2021/09/29-01:16:53.330531 7f8275965700 	kZlibCompression supported: 1
2021/09/29-01:16:53.330532 7f8275965700 	kSnappyCompression supported: 1
2021/09/29-01:16:53.330537 7f8275965700 Fast CRC32 supported: Not supported on x86
2021/09/29-01:16:53.335543 7f8275965700 [/version_set.cc:4725] Recovering from manifest file: /mnt/c/Users/assid/Documents/Workspace/TrufflePatient-NW/config/IBFT-Network/Node-1/data/database/MANIFEST-000061
2021/09/29-01:16:53.336994 7f8275965700 [/column_family.cc:597] --------------- Options for column family [default]:
2021/09/29-01:16:53.337001 7f8275965700               Options.comparator: leveldb.BytewiseComparator
2021/09/29-01:16:53.337002 7f8275965700           Options.merge_operator: None
2021/09/29-01:16:53.337163 7f8275965700        Options.compaction_filter: None
2021/09/29-01:16:53.337166 7f8275965700        Options.compaction_filter_factory: None
2021/09/29-01:16:53.337167 7f8275965700  Options.sst_partitioner_factory: None
2021/09/29-01:16:53.337168 7f8275965700         Options.memtable_factory: SkipListFactory
2021/09/29-01:16:53.337169 7f8275965700            Options.table_factory: BlockBasedTable
2021/09/29-01:16:53.337192 7f8275965700            table_factory options:   flush_block_policy_factory: FlushBlockBySizePolicyFactory (0x7f82713fa270)
  cache_index_and_filter_blocks: 0
  cache_index_and_filter_blocks_with_high_priority: 1
  pin_l0_filter_and_index_blocks_in_cache: 0
  pin_top_level_index_and_filter: 1
  index_type: 0
  data_block_index_type: 0
  index_shortening: 1
  data_block_hash_table_util_ratio: 0.750000
  hash_index_allow_collision: 1
  checksum: 1
  no_block_cache: 0
  block_cache: 0x7f82713e78c0
  block_cache_name: LRUCache
  block_cache_options:
    capacity : 8388608
    num_shard_bits : 4
    strict_capacity_limit : 0
    memory_allocator : None
    high_pri_pool_ratio: 0.000
  block_cache_compressed: (nil)
  persistent_cache: (nil)
  block_size: 4096
  block_size_deviation: 10
  block_restart_interval: 16
  index_block_restart_interval: 1
  metadata_block_size: 4096
  partition_filters: 0
  use_delta_encoding: 1
  filter_policy: nullptr
  whole_key_filtering: 1
  verify_compression: 0
  read_amp_bytes_per_bit: 0
  format_version: 4
  enable_index_compression: 1
  block_align: 0
2021/09/29-01:16:53.337494 7f8275965700        Options.write_buffer_size: 67108864
2021/09/29-01:16:53.337497 7f8275965700  Options.max_write_buffer_number: 2
2021/09/29-01:16:53.337498 7f8275965700          Options.compression: Snappy
2021/09/29-01:16:53.337499 7f8275965700                  Options.bottommost_compression: Disabled
2021/09/29-01:16:53.337500 7f8275965700       Options.prefix_extractor: nullptr
2021/09/29-01:16:53.337500 7f8275965700   Options.memtable_insert_with_hint_prefix_extractor: nullptr
2021/09/29-01:16:53.337648 7f8275965700             Options.num_levels: 7
2021/09/29-01:16:53.337651 7f8275965700        Options.min_write_buffer_number_to_merge: 1
2021/09/29-01:16:53.337652 7f8275965700     Options.max_write_buffer_number_to_maintain: 0
2021/09/29-01:16:53.337653 7f8275965700     Options.max_write_buffer_size_to_maintain: 134217728
2021/09/29-01:16:53.337653 7f8275965700            Options.bottommost_compression_opts.window_bits: -14
2021/09/29-01:16:53.337654 7f8275965700                  Options.bottommost_compression_opts.level: 32767
2021/09/29-01:16:53.337810 7f8275965700               Options.bottommost_compression_opts.strategy: 0
2021/09/29-01:16:53.337812 7f8275965700         Options.bottommost_compression_opts.max_dict_bytes: 0
2021/09/29-01:16:53.337813 7f8275965700         Options.bottommost_compression_opts.zstd_max_train_bytes: 0
2021/09/29-01:16:53.337814 7f8275965700         Options.bottommost_compression_opts.parallel_threads: 1
2021/09/29-01:16:53.337962 7f8275965700                  Options.bottommost_compression_opts.enabled: false
2021/09/29-01:16:53.337965 7f8275965700            Options.compression_opts.window_bits: -14
2021/09/29-01:16:53.337965 7f8275965700                  Options.compression_opts.level: 32767
2021/09/29-01:16:53.337966 7f8275965700               Options.compression_opts.strategy: 0
2021/09/29-01:16:53.337967 7f8275965700         Options.compression_opts.max_dict_bytes: 0
2021/09/29-01:16:53.337967 7f8275965700         Options.compression_opts.zstd_max_train_bytes: 0
2021/09/29-01:16:53.338110 7f8275965700         Options.compression_opts.parallel_threads: 1
2021/09/29-01:16:53.338112 7f8275965700                  Options.compression_opts.enabled: false
2021/09/29-01:16:53.338113 7f8275965700      Options.level0_file_num_compaction_trigger: 4
2021/09/29-01:16:53.338114 7f8275965700          Options.level0_slowdown_writes_trigger: 20
2021/09/29-01:16:53.338114 7f8275965700              Options.level0_stop_writes_trigger: 36
2021/09/29-01:16:53.338260 7f8275965700                   Options.target_file_size_base: 67108864
2021/09/29-01:16:53.338262 7f8275965700             Options.target_file_size_multiplier: 1
2021/09/29-01:16:53.338262 7f8275965700                Options.max_bytes_for_level_base: 268435456
2021/09/29-01:16:53.338263 7f8275965700 Options.level_compaction_dynamic_level_bytes: 0
2021/09/29-01:16:53.338264 7f8275965700          Options.max_bytes_for_level_multiplier: 10.000000
2021/09/29-01:16:53.338301 7f8275965700 Options.max_bytes_for_level_multiplier_addtl[0]: 1
2021/09/29-01:16:53.338447 7f8275965700 Options.max_bytes_for_level_multiplier_addtl[1]: 1
2021/09/29-01:16:53.338450 7f8275965700 Options.max_bytes_for_level_multiplier_addtl[2]: 1
2021/09/29-01:16:53.338451 7f8275965700 Options.max_bytes_for_level_multiplier_addtl[3]: 1
2021/09/29-01:16:53.338451 7f8275965700 Options.max_bytes_for_level_multiplier_addtl[4]: 1
2021/09/29-01:16:53.338452 7f8275965700 Options.max_bytes_for_level_multiplier_addtl[5]: 1
2021/09/29-01:16:53.338614 7f8275965700 Options.max_bytes_for_level_multiplier_addtl[6]: 1
2021/09/29-01:16:53.338617 7f8275965700       Options.max_sequential_skip_in_iterations: 8
2021/09/29-01:16:53.338618 7f8275965700                    Options.max_compaction_bytes: 1677721600
2021/09/29-01:16:53.338619 7f8275965700                        Options.arena_block_size: 8388608
2021/09/29-01:16:53.338619 7f8275965700   Options.soft_pending_compaction_bytes_limit: 68719476736
2021/09/29-01:16:53.338620 7f8275965700   Options.hard_pending_compaction_bytes_limit: 274877906944
2021/09/29-01:16:53.338772 7f8275965700       Options.rate_limit_delay_max_milliseconds: 100
2021/09/29-01:16:53.338774 7f8275965700                Options.disable_auto_compactions: 1
2021/09/29-01:16:53.338776 7f8275965700                        Options.compaction_style: kCompactionStyleLevel
2021/09/29-01:16:53.338777 7f8275965700                          Options.compaction_pri: kMinOverlappingRatio
2021/09/29-01:16:53.338778 7f8275965700 Options.compaction_options_universal.size_ratio: 1
2021/09/29-01:16:53.338932 7f8275965700 Options.compaction_options_universal.min_merge_width: 2
2021/09/29-01:16:53.338934 7f8275965700 Options.compaction_options_universal.max_merge_width: 4294967295
2021/09/29-01:16:53.338935 7f8275965700 Options.compaction_options_universal.max_size_amplification_percent: 200
2021/09/29-01:16:53.338936 7f8275965700 Options.compaction_options_universal.compression_size_percent: -1
2021/09/29-01:16:53.338937 7f8275965700 Options.compaction_options_universal.stop_style: kCompactionStopStyleTotalSize
2021/09/29-01:16:53.339125 7f8275965700 Options.compaction_options_fifo.max_table_files_size: 1073741824
2021/09/29-01:16:53.339128 7f8275965700 Options.compaction_options_fifo.allow_compaction: 0
2021/09/29-01:16:53.339133 7f8275965700                   Options.table_properties_collectors: 
2021/09/29-01:16:53.339134 7f8275965700                   Options.inplace_update_support: 0
2021/09/29-01:16:53.339135 7f8275965700                 Options.inplace_update_num_locks: 10000
2021/09/29-01:16:53.339276 7f8275965700               Options.memtable_prefix_bloom_size_ratio: 0.000000
2021/09/29-01:16:53.339279 7f8275965700               Options.memtable_whole_key_filtering: 0
2021/09/29-01:16:53.339279 7f8275965700   Options.memtable_huge_page_size: 0
2021/09/29-01:16:53.339280 7f8275965700                           Options.bloom_locality: 0
2021/09/29-01:16:53.339281 7f8275965700                    Options.max_successive_merges: 0
2021/09/29-01:16:53.339435 7f8275965700                Options.optimize_filters_for_hits: 0
2021/09/29-01:16:53.339438 7f8275965700                Options.paranoid_file_checks: 0
2021/09/29-01:16:53.339439 7f8275965700                Options.force_consistency_checks: 1
2021/09/29-01:16:53.339439 7f8275965700                Options.report_bg_io_stats: 0
2021/09/29-01:16:53.339440 7f8275965700                               Options.ttl: 2592000
2021/09/29-01:16:53.339441 7f8275965700          Options.periodic_compaction_seconds: 0
2021/09/29-01:16:53.339581 7f8275965700                    Options.enable_blob_files: false
2021/09/29-01:16:53.339584 7f8275965700                        Options.min_blob_size: 0
2021/09/29-01:16:53.339584 7f8275965700                       Options.blob_file_size: 268435456
2021/09/29-01:16:53.339586 7f8275965700                Options.blob_compression_type: NoCompression
2021/09/29-01:16:53.339586 7f8275965700       Options.enable_blob_garbage_collection: false
2021/09/29-01:16:53.339587 7f8275965700   Options.blob_garbage_collection_age_cutoff: 0.250000
2021/09/29-01:16:53.340515 7f8275965700 [/column_family.cc:597] --------------- Options for column family []:
2021/09/29-01:16:53.340518 7f8275965700               Options.comparator: leveldb.BytewiseComparator
2021/09/29-01:16:53.340519 7f8275965700           Options.merge_operator: None
2021/09/29-01:16:53.340519 7f8275965700        Options.compaction_filter: None
2021/09/29-01:16:53.340520 7f8275965700        Options.compaction_filter_factory: None
2021/09/29-01:16:53.340659 7f8275965700  Options.sst_partitioner_factory: None
2021/09/29-01:16:53.340661 7f8275965700         Options.memtable_factory: SkipListFactory
2021/09/29-01:16:53.340662 7f8275965700            Options.table_factory: BlockBasedTable
2021/09/29-01:16:53.340678 7f8275965700            table_factory options:   flush_block_policy_factory: FlushBlockBySizePolicyFactory (0x7f82713d2200)
  cache_index_and_filter_blocks: 0
  cache_index_and_filter_blocks_with_high_priority: 1
  pin_l0_filter_and_index_blocks_in_cache: 0
  pin_top_level_index_and_filter: 1
  index_type: 0
  data_block_index_type: 0
  index_shortening: 1
  data_block_hash_table_util_ratio: 0.750000
  hash_index_allow_collision: 1
  checksum: 1
  no_block_cache: 0
  block_cache: 0x7f82713d2240
  block_cache_name: LRUCache
  block_cache_options:
    capacity : 8388608
    num_shard_bits : 4
    strict_capacity_limit : 0
    memory_allocator : None
    high_pri_pool_ratio: 0.000
  block_cache_compressed: (nil)
  persistent_cache: (nil)
  block_size: 4096
  block_size_deviation: 10
  block_restart_interval: 16
  index_block_restart_interval: 1
  metadata_block_size: 4096
  partition_filters: 0
  use_delta_encoding: 1
  filter_policy: nullptr
  whole_key_filtering: 1
  verify_compression: 0
  read_amp_bytes_per_bit: 0
  format_version: 4
  enable_index_compression: 1
  block_align: 0
2021/09/29-01:16:53.340970 7f8275965700        Options.write_buffer_size: 67108864
2021/09/29-01:16:53.340972 7f8275965700  Options.max_write_buffer_number: 2
2021/09/29-01:16:53.341121 7f8275965700          Options.compression: Snappy
2021/09/29-01:16:53.341123 7f8275965700                  Options.bottommost_compression: Disabled
2021/09/29-01:16:53.341124 7f8275965700       Options.prefix_extractor: nullptr
2021/09/29-01:16:53.341125 7f8275965700   Options.memtable_insert_with_hint_prefix_extractor: nullptr
2021/09/29-01:16:53.341125 7f8275965700             Options.num_levels: 7
2021/09/29-01:16:53.341126 7f8275965700        Options.min_write_buffer_number_to_merge: 1
2021/09/29-01:16:53.341269 7f8275965700     Options.max_write_buffer_number_to_maintain: 0
2021/09/29-01:16:53.341271 7f8275965700     Options.max_write_buffer_size_to_maintain: 134217728
2021/09/29-01:16:53.341272 7f8275965700            Options.bottommost_compression_opts.window_bits: -14
2021/09/29-01:16:53.341273 7f8275965700                  Options.bottommost_compression_opts.level: 32767
2021/09/29-01:16:53.341273 7f8275965700               Options.bottommost_compression_opts.strategy: 0
2021/09/29-01:16:53.341415 7f8275965700         Options.bottommost_compression_opts.max_dict_bytes: 0
2021/09/29-01:16:53.341417 7f8275965700         Options.bottommost_compression_opts.zstd_max_train_bytes: 0
2021/09/29-01:16:53.341418 7f8275965700         Options.bottommost_compression_opts.parallel_threads: 1
2021/09/29-01:16:53.341418 7f8275965700                  Options.bottommost_compression_opts.enabled: false
2021/09/29-01:16:53.341419 7f8275965700            Options.compression_opts.window_bits: -14
2021/09/29-01:16:53.341559 7f8275965700                  Options.compression_opts.level: 32767
2021/09/29-01:16:53.341562 7f8275965700               Options.compression_opts.strategy: 0
2021/09/29-01:16:53.341562 7f8275965700         Options.compression_opts.max_dict_bytes: 0
2021/09/29-01:16:53.341563 7f8275965700         Options.compression_opts.zstd_max_train_bytes: 0
2021/09/29-01:16:53.341563 7f8275965700         Options.compression_opts.parallel_threads: 1
2021/09/29-01:16:53.341564 7f8275965700                  Options.compression_opts.enabled: false
2021/09/29-01:16:53.341704 7f8275965700      Options.level0_file_num_compaction_trigger: 4
2021/09/29-01:16:53.341706 7f8275965700          Options.level0_slowdown_writes_trigger: 20
2021/09/29-01:16:53.341707 7f8275965700              Options.level0_stop_writes_trigger: 36
2021/09/29-01:16:53.341707 7f8275965700                   Options.target_file_size_base: 67108864
2021/09/29-01:16:53.341708 7f8275965700             Options.target_file_size_multiplier: 1
2021/09/29-01:16:53.341864 7f8275965700                Options.max_bytes_for_level_base: 268435456
2021/09/29-01:16:53.341869 7f8275965700 Options.level_compaction_dynamic_level_bytes: 0
2021/09/29-01:16:53.341870 7f8275965700          Options.max_bytes_for_level_multiplier: 10.000000
2021/09/29-01:16:53.341875 7f8275965700 Options.max_bytes_for_level_multiplier_addtl[0]: 1
2021/09/29-01:16:53.341876 7f8275965700 Options.max_bytes_for_level_multiplier_addtl[1]: 1
2021/09/29-01:16:53.341877 7f8275965700 Options.max_bytes_for_level_multiplier_addtl[2]: 1
2021/09/29-01:16:53.342036 7f8275965700 Options.max_bytes_for_level_multiplier_addtl[3]: 1
2021/09/29-01:16:53.342038 7f8275965700 Options.max_bytes_for_level_multiplier_addtl[4]: 1
2021/09/29-01:16:53.342039 7f8275965700 Options.max_bytes_for_level_multiplier_addtl[5]: 1
2021/09/29-01:16:53.342040 7f8275965700 Options.max_bytes_for_level_multiplier_addtl[6]: 1
2021/09/29-01:16:53.342041 7f8275965700       Options.max_sequential_skip_in_iterations: 8
2021/09/29-01:16:53.342181 7f8275965700                    Options.max_compaction_bytes: 1677721600
2021/09/29-01:16:53.342184 7f8275965700                        Options.arena_block_size: 8388608
2021/09/29-01:16:53.342184 7f8275965700   Options.soft_pending_compaction_bytes_limit: 68719476736
2021/09/29-01:16:53.342185 7f8275965700   Options.hard_pending_compaction_bytes_limit: 274877906944
2021/09/29-01:16:53.342186 7f8275965700       Options.rate_limit_delay_max_milliseconds: 100
2021/09/29-01:16:53.342316 7f8275965700                Options.disable_auto_compactions: 1
2021/09/29-01:16:53.342319 7f8275965700                        Options.compaction_style: kCompactionStyleLevel
2021/09/29-01:16:53.342320 7f8275965700                          Options.compaction_pri: kMinOverlappingRatio
2021/09/29-01:16:53.342320 7f8275965700 Options.compaction_options_universal.size_ratio: 1
2021/09/29-01:16:53.342321 7f8275965700 Options.compaction_options_universal.min_merge_width: 2
2021/09/29-01:16:53.342322 7f8275965700 Options.compaction_options_universal.max_merge_width: 4294967295
2021/09/29-01:16:53.342452 7f8275965700 Options.compaction_options_universal.max_size_amplification_percent: 200
2021/09/29-01:16:53.342454 7f8275965700 Options.compaction_options_universal.compression_size_percent: -1
2021/09/29-01:16:53.342455 7f8275965700 Options.compaction_options_universal.stop_style: kCompactionStopStyleTotalSize
2021/09/29-01:16:53.342456 7f8275965700 Options.compaction_options_fifo.max_table_files_size: 1073741824
2021/09/29-01:16:53.342594 7f8275965700 Options.compaction_options_fifo.allow_compaction: 0
2021/09/29-01:16:53.342599 7f8275965700                   Options.table_properties_collectors: 
2021/09/29-01:16:53.342600 7f8275965700                   Options.inplace_update_support: 0
2021/09/29-01:16:53.342600 7f8275965700                 Options.inplace_update_num_locks: 10000
2021/09/29-01:16:53.342601 7f8275965700               Options.memtable_prefix_bloom_size_ratio: 0.000000
2021/09/29-01:16:53.342728 7f8275965700               Options.memtable_whole_key_filtering: 0
2021/09/29-01:16:53.342730 7f8275965700   Options.memtable_huge_page_size: 0
2021/09/29-01:16:53.342731 7f8275965700                           Options.bloom_locality: 0
2021/09/29-01:16:53.342731 7f8275965700                    Options.max_successive_merges: 0
2021/09/29-01:16:53.342732 7f8275965700                Options.optimize_filters_for_hits: 0
2021/09/29-01:16:53.342732 7f8275965700                Options.paranoid_file_checks: 0
2021/09/29-01:16:53.342902 7f8275965700                Options.force_consistency_checks: 1
2021/09/29-01:16:53.342904 7f8275965700                Options.report_bg_io_stats: 0
2021/09/29-01:16:53.342905 7f8275965700                               Options.ttl: 2592000
2021/09/29-01:16:53.342906 7f8275965700          Options.periodic_compaction_seconds: 0
2021/09/29-01:16:53.342906 7f8275965700                    Options.enable_blob_files: false
2021/09/29-01:16:53.342907 7f8275965700                        Options.min_blob_size: 0
2021/09/29-01:16:53.343039 7f8275965700                       Options.blob_file_size: 268435456
2021/09/29-01:16:53.343042 7f8275965700                Options.blob_compression_type: NoCompression
2021/09/29-01:16:53.343043 7f8275965700       Options.enable_blob_garbage_collection: false
2021/09/29-01:16:53.343043 7f8275965700   Options.blob_garbage_collection_age_cutoff: 0.250000
2021/09/29-01:16:53.343084 7f8275965700 [/column_family.cc:597] --------------- Options for column family []:
2021/09/29-01:16:53.343257 7f8275965700               Options.comparator: leveldb.BytewiseComparator
2021/09/29-01:16:53.343259 7f8275965700           Options.merge_operator: None
2021/09/29-01:16:53.343260 7f8275965700        Options.compaction_filter: None
2021/09/29-01:16:53.343260 7f8275965700        Options.compaction_filter_factory: None
2021/09/29-01:16:53.343261 7f8275965700  Options.sst_partitioner_factory: None
2021/09/29-01:16:53.343262 7f8275965700         Options.memtable_factory: SkipListFactory
2021/09/29-01:16:53.343389 7f8275965700            Options.table_factory: BlockBasedTable
2021/09/29-01:16:53.343408 7f8275965700            table_factory options:   flush_block_policy_factory: FlushBlockBySizePolicyFactory (0x7f82713d4190)
  cache_index_and_filter_blocks: 0
  cache_index_and_filter_blocks_with_high_priority: 1
  pin_l0_filter_and_index_blocks_in_cache: 0
  pin_top_level_index_and_filter: 1
  index_type: 0
  data_block_index_type: 0
  index_shortening: 1
  data_block_hash_table_util_ratio: 0.750000
  hash_index_allow_collision: 1
  checksum: 1
  no_block_cache: 0
  block_cache: 0x7f82713d41d0
  block_cache_name: LRUCache
  block_cache_options:
    capacity : 8388608
    num_shard_bits : 4
    strict_capacity_limit : 0
    memory_allocator : None
    high_pri_pool_ratio: 0.000
  block_cache_compressed: (nil)
  persistent_cache: (nil)
  block_size: 4096
  block_size_deviation: 10
  block_restart_interval: 16
  index_block_restart_interval: 1
  metadata_block_size: 4096
  partition_filters: 0
  use_delta_encoding: 1
  filter_policy: nullptr
  whole_key_filtering: 1
  verify_compression: 0
  read_amp_bytes_per_bit: 0
  format_version: 4
  enable_index_compression: 1
  block_align: 0
2021/09/29-01:16:53.343705 7f8275965700        Options.write_buffer_size: 67108864
2021/09/29-01:16:53.343707 7f8275965700  Options.max_write_buffer_number: 2
2021/09/29-01:16:53.343708 7f8275965700          Options.compression: Snappy
2021/09/29-01:16:53.343709 7f8275965700                  Options.bottommost_compression: Disabled
2021/09/29-01:16:53.343855 7f8275965700       Options.prefix_extractor: nullptr
2021/09/29-01:16:53.343858 7f8275965700   Options.memtable_insert_with_hint_prefix_extractor: nullptr
2021/09/29-01:16:53.343859 7f8275965700             Options.num_levels: 7
2021/09/29-01:16:53.343860 7f8275965700        Options.min_write_buffer_number_to_merge: 1
2021/09/29-01:16:53.343860 7f8275965700     Options.max_write_buffer_number_to_maintain: 0
2021/09/29-01:16:53.343861 7f8275965700     Options.max_write_buffer_size_to_maintain: 134217728
2021/09/29-01:16:53.343997 7f8275965700            Options.bottommost_compression_opts.window_bits: -14
2021/09/29-01:16:53.343999 7f8275965700                  Options.bottommost_compression_opts.level: 32767
2021/09/29-01:16:53.344000 7f8275965700               Options.bottommost_compression_opts.strategy: 0
2021/09/29-01:16:53.344000 7f8275965700         Options.bottommost_compression_opts.max_dict_bytes: 0
2021/09/29-01:16:53.344001 7f8275965700         Options.bottommost_compression_opts.zstd_max_train_bytes: 0
2021/09/29-01:16:53.344139 7f8275965700         Options.bottommost_compression_opts.parallel_threads: 1
2021/09/29-01:16:53.344142 7f8275965700                  Options.bottommost_compression_opts.enabled: false
2021/09/29-01:16:53.344143 7f8275965700            Options.compression_opts.window_bits: -14
2021/09/29-01:16:53.344143 7f8275965700                  Options.compression_opts.level: 32767
2021/09/29-01:16:53.344144 7f8275965700               Options.compression_opts.strategy: 0
2021/09/29-01:16:53.344299 7f8275965700         Options.compression_opts.max_dict_bytes: 0
2021/09/29-01:16:53.344303 7f8275965700         Options.compression_opts.zstd_max_train_bytes: 0
2021/09/29-01:16:53.344304 7f8275965700         Options.compression_opts.parallel_threads: 1
2021/09/29-01:16:53.344305 7f8275965700                  Options.compression_opts.enabled: false
2021/09/29-01:16:53.344305 7f8275965700      Options.level0_file_num_compaction_trigger: 4
2021/09/29-01:16:53.344470 7f8275965700          Options.level0_slowdown_writes_trigger: 20
2021/09/29-01:16:53.344472 7f8275965700              Options.level0_stop_writes_trigger: 36
2021/09/29-01:16:53.344473 7f8275965700                   Options.target_file_size_base: 67108864
2021/09/29-01:16:53.344473 7f8275965700             Options.target_file_size_multiplier: 1
2021/09/29-01:16:53.344474 7f8275965700                Options.max_bytes_for_level_base: 268435456
2021/09/29-01:16:53.344475 7f8275965700 Options.level_compaction_dynamic_level_bytes: 0
2021/09/29-01:16:53.344632 7f8275965700          Options.max_bytes_for_level_multiplier: 10.000000
2021/09/29-01:16:53.344637 7f8275965700 Options.max_bytes_for_level_multiplier_addtl[0]: 1
2021/09/29-01:16:53.344638 7f8275965700 Options.max_bytes_for_level_multiplier_addtl[1]: 1
2021/09/29-01:16:53.344638 7f8275965700 Options.max_bytes_for_level_multiplier_addtl[2]: 1
2021/09/29-01:16:53.344639 7f8275965700 Options.max_bytes_for_level_multiplier_addtl[3]: 1
2021/09/29-01:16:53.344817 7f8275965700 Options.max_bytes_for_level_multiplier_addtl[4]: 1
2021/09/29-01:16:53.344819 7f8275965700 Options.max_bytes_for_level_multiplier_addtl[5]: 1
2021/09/29-01:16:53.344820 7f8275965700 Options.max_bytes_for_level_multiplier_addtl[6]: 1
2021/09/29-01:16:53.344821 7f8275965700       Options.max_sequential_skip_in_iterations: 8
2021/09/29-01:16:53.344821 7f8275965700                    Options.max_compaction_bytes: 1677721600
2021/09/29-01:16:53.344822 7f8275965700                        Options.arena_block_size: 8388608
2021/09/29-01:16:53.344984 7f8275965700   Options.soft_pending_compaction_bytes_limit: 68719476736
2021/09/29-01:16:53.344987 7f8275965700   Options.hard_pending_compaction_bytes_limit: 274877906944
2021/09/29-01:16:53.344987 7f8275965700       Options.rate_limit_delay_max_milliseconds: 100
2021/09/29-01:16:53.344988 7f8275965700                Options.disable_auto_compactions: 1
2021/09/29-01:16:53.344989 7f8275965700                        Options.compaction_style: kCompactionStyleLevel
2021/09/29-01:16:53.345137 7f8275965700                          Options.compaction_pri: kMinOverlappingRatio
2021/09/29-01:16:53.345140 7f8275965700 Options.compaction_options_universal.size_ratio: 1
2021/09/29-01:16:53.345141 7f8275965700 Options.compaction_options_universal.min_merge_width: 2
2021/09/29-01:16:53.345141 7f8275965700 Options.compaction_options_universal.max_merge_width: 4294967295
2021/09/29-01:16:53.345142 7f8275965700 Options.compaction_options_universal.max_size_amplification_percent: 200
2021/09/29-01:16:53.345298 7f8275965700 Options.compaction_options_universal.compression_size_percent: -1
2021/09/29-01:16:53.345301 7f8275965700 Options.compaction_options_universal.stop_style: kCompactionStopStyleTotalSize
2021/09/29-01:16:53.345302 7f8275965700 Options.compaction_options_fifo.max_table_files_size: 1073741824
2021/09/29-01:16:53.345303 7f8275965700 Options.compaction_options_fifo.allow_compaction: 0
2021/09/29-01:16:53.345305 7f8275965700                   Options.table_properties_collectors: 
2021/09/29-01:16:53.345445 7f8275965700                   Options.inplace_update_support: 0
2021/09/29-01:16:53.345447 7f8275965700                 Options.inplace_update_num_locks: 10000
2021/09/29-01:16:53.345448 7f8275965700               Options.memtable_prefix_bloom_size_ratio: 0.000000
2021/09/29-01:16:53.345449 7f8275965700               Options.memtable_whole_key_filtering: 0
2021/09/29-01:16:53.345450 7f8275965700   Options.memtable_huge_page_size: 0
2021/09/29-01:16:53.345591 7f8275965700                           Options.bloom_locality: 0
2021/09/29-01:16:53.345594 7f8275965700                    Options.max_successive_merges: 0
2021/09/29-01:16:53.345594 7f8275965700                Options.optimize_filters_for_hits: 0
2021/09/29-01:16:53.345595 7f8275965700                Options.paranoid_file_checks: 0
2021/09/29-01:16:53.345595 7f8275965700                Options.force_consistency_checks: 1
2021/09/29-01:16:53.345596 7f8275965700                Options.report_bg_io_stats: 0
2021/09/29-01:16:53.345727 7f8275965700                               Options.ttl: 2592000
2021/09/29-01:16:53.345729 7f8275965700          Options.periodic_compaction_seconds: 0
2021/09/29-01:16:53.345730 7f8275965700                    Options.enable_blob_files: false
2021/09/29-01:16:53.345730 7f8275965700                        Options.min_blob_size: 0
2021/09/29-01:16:53.345731 7f8275965700                       Options.blob_file_size: 268435456
2021/09/29-01:16:53.345732 7f8275965700                Options.blob_compression_type: NoCompression
2021/09/29-01:16:53.345883 7f8275965700       Options.enable_blob_garbage_collection: false
2021/09/29-01:16:53.345886 7f8275965700   Options.blob_garbage_collection_age_cutoff: 0.250000
2021/09/29-01:16:53.345951 7f8275965700 [/column_family.cc:597] --------------- Options for column family []:
2021/09/29-01:16:53.345952 7f8275965700               Options.comparator: leveldb.BytewiseComparator
2021/09/29-01:16:53.345953 7f8275965700           Options.merge_operator: None
2021/09/29-01:16:53.346105 7f8275965700        Options.compaction_filter: None
2021/09/29-01:16:53.346108 7f8275965700        Options.compaction_filter_factory: None
2021/09/29-01:16:53.346109 7f8275965700  Options.sst_partitioner_factory: None
2021/09/29-01:16:53.346109 7f8275965700         Options.memtable_factory: SkipListFactory
2021/09/29-01:16:53.346110 7f8275965700            Options.table_factory: BlockBasedTable
2021/09/29-01:16:53.346128 7f8275965700            table_factory options:   flush_block_policy_factory: FlushBlockBySizePolicyFactory (0x7f82713d6140)
  cache_index_and_filter_blocks: 0
  cache_index_and_filter_blocks_with_high_priority: 1
  pin_l0_filter_and_index_blocks_in_cache: 0
  pin_top_level_index_and_filter: 1
  index_type: 0
  data_block_index_type: 0
  index_shortening: 1
  data_block_hash_table_util_ratio: 0.750000
  hash_index_allow_collision: 1
  checksum: 1
  no_block_cache: 0
  block_cache: 0x7f82713d6180
  block_cache_name: LRUCache
  block_cache_options:
    capacity : 8388608
    num_shard_bits : 4
    strict_capacity_limit : 0
    memory_allocator : None
    high_pri_pool_ratio: 0.000
  block_cache_compressed: (nil)
  persistent_cache: (nil)
  block_size: 4096
  block_size_deviation: 10
  block_restart_interval: 16
  index_block_restart_interval: 1
  metadata_block_size: 4096
  partition_filters: 0
  use_delta_encoding: 1
  filter_policy: nullptr
  whole_key_filtering: 1
  verify_compression: 0
  read_amp_bytes_per_bit: 0
  format_version: 4
  enable_index_compression: 1
  block_align: 0
2021/09/29-01:16:53.346472 7f8275965700        Options.write_buffer_size: 67108864
2021/09/29-01:16:53.346474 7f8275965700  Options.max_write_buffer_number: 2
2021/09/29-01:16:53.346476 7f8275965700          Options.compression: Snappy
2021/09/29-01:16:53.346477 7f8275965700                  Options.bottommost_compression: Disabled
2021/09/29-01:16:53.346477 7f8275965700       Options.prefix_extractor: nullptr
2021/09/29-01:16:53.346478 7f8275965700   Options.memtable_insert_with_hint_prefix_extractor: nullptr
2021/09/29-01:16:53.346627 7f8275965700             Options.num_levels: 7
2021/09/29-01:16:53.346629 7f8275965700        Options.min_write_buffer_number_to_merge: 1
2021/09/29-01:16:53.346630 7f8275965700     Options.max_write_buffer_number_to_maintain: 0
2021/09/29-01:16:53.346630 7f8275965700     Options.max_write_buffer_size_to_maintain: 134217728
2021/09/29-01:16:53.346631 7f8275965700            Options.bottommost_compression_opts.window_bits: -14
2021/09/29-01:16:53.346786 7f8275965700                  Options.bottommost_compression_opts.level: 32767
2021/09/29-01:16:53.346800 7f8275965700               Options.bottommost_compression_opts.strategy: 0
2021/09/29-01:16:53.346801 7f8275965700         Options.bottommost_compression_opts.max_dict_bytes: 0
2021/09/29-01:16:53.346802 7f8275965700         Options.bottommost_compression_opts.zstd_max_train_bytes: 0
