2021/09/29-01:16:55.030911 7f5311c0e700 RocksDB version: 6.15.2
2021/09/29-01:16:55.031294 7f5311c0e700 Git sha rocksdb_build_git_sha:
2021/09/29-01:16:55.031300 7f5311c0e700 Compile date Jan  4 2021
2021/09/29-01:16:55.031434 7f5311c0e700 DB SUMMARY
2021/09/29-01:16:55.031436 7f5311c0e700 DB Session ID:  0NB36D7R7DYU84AKJO0C
2021/09/29-01:16:55.034626 7f5311c0e700 CURRENT file:  CURRENT
2021/09/29-01:16:55.034631 7f5311c0e700 IDENTITY file:  IDENTITY
2021/09/29-01:16:55.035329 7f5311c0e700 MANIFEST file:  MANIFEST-000061 size: 1067 Bytes
2021/09/29-01:16:55.035335 7f5311c0e700 SST files in /mnt/c/Users/assid/Documents/Workspace/TrufflePatient-NW/config/IBFT-Network/Node-2/data/database dir, Total Num: 4, files: 000037.sst 000038.sst 000059.sst 000060.sst 
2021/09/29-01:16:55.035483 7f5311c0e700 Write Ahead Log file in /mnt/c/Users/assid/Documents/Workspace/TrufflePatient-NW/config/IBFT-Network/Node-2/data/database: 000004.log size: 461859 ; 000040.log size: 684469 ; 000062.log size: 376506 ; 
2021/09/29-01:16:55.035492 7f5311c0e700                         Options.error_if_exists: 0
2021/09/29-01:16:55.035853 7f5311c0e700                       Options.create_if_missing: 1
2021/09/29-01:16:55.035856 7f5311c0e700                         Options.paranoid_checks: 1
2021/09/29-01:16:55.035857 7f5311c0e700                               Options.track_and_verify_wals_in_manifest: 0
2021/09/29-01:16:55.035858 7f5311c0e700                                     Options.env: 0x7f528dbbc3c0
2021/09/29-01:16:55.035859 7f5311c0e700                                      Options.fs: Posix File System
2021/09/29-01:16:55.036153 7f5311c0e700                                Options.info_log: 0x7f530d5542b0
2021/09/29-01:16:55.036157 7f5311c0e700                Options.max_file_opening_threads: 16
2021/09/29-01:16:55.036158 7f5311c0e700                              Options.statistics: 0x7f530d4078d0
2021/09/29-01:16:55.036159 7f5311c0e700                               Options.use_fsync: 0
2021/09/29-01:16:55.036159 7f5311c0e700                       Options.max_log_file_size: 0
2021/09/29-01:16:55.036160 7f5311c0e700                  Options.max_manifest_file_size: 1073741824
2021/09/29-01:16:55.036309 7f5311c0e700                   Options.log_file_time_to_roll: 0
2021/09/29-01:16:55.036312 7f5311c0e700                       Options.keep_log_file_num: 1000
2021/09/29-01:16:55.036313 7f5311c0e700                    Options.recycle_log_file_num: 0
2021/09/29-01:16:55.036313 7f5311c0e700                         Options.allow_fallocate: 1
2021/09/29-01:16:55.036314 7f5311c0e700                        Options.allow_mmap_reads: 0
2021/09/29-01:16:55.036447 7f5311c0e700                       Options.allow_mmap_writes: 0
2021/09/29-01:16:55.036450 7f5311c0e700                        Options.use_direct_reads: 0
2021/09/29-01:16:55.036450 7f5311c0e700                        Options.use_direct_io_for_flush_and_compaction: 0
2021/09/29-01:16:55.036451 7f5311c0e700          Options.create_missing_column_families: 1
2021/09/29-01:16:55.036452 7f5311c0e700                              Options.db_log_dir: 
2021/09/29-01:16:55.036452 7f5311c0e700                                 Options.wal_dir: /mnt/c/Users/assid/Documents/Workspace/TrufflePatient-NW/config/IBFT-Network/Node-2/data/database
2021/09/29-01:16:55.036577 7f5311c0e700                Options.table_cache_numshardbits: 6
2021/09/29-01:16:55.036580 7f5311c0e700                         Options.WAL_ttl_seconds: 0
2021/09/29-01:16:55.036580 7f5311c0e700                       Options.WAL_size_limit_MB: 0
2021/09/29-01:16:55.036581 7f5311c0e700                        Options.max_write_batch_group_size_bytes: 1048576
2021/09/29-01:16:55.036721 7f5311c0e700             Options.manifest_preallocation_size: 4194304
2021/09/29-01:16:55.036723 7f5311c0e700                     Options.is_fd_close_on_exec: 1
2021/09/29-01:16:55.036724 7f5311c0e700                   Options.advise_random_on_open: 1
2021/09/29-01:16:55.036725 7f5311c0e700                    Options.db_write_buffer_size: 0
2021/09/29-01:16:55.036725 7f5311c0e700                    Options.write_buffer_manager: 0x7f530d54fa60
2021/09/29-01:16:55.036899 7f5311c0e700         Options.access_hint_on_compaction_start: 1
2021/09/29-01:16:55.036902 7f5311c0e700  Options.new_table_reader_for_compaction_inputs: 0
2021/09/29-01:16:55.036902 7f5311c0e700           Options.random_access_max_buffer_size: 1048576
2021/09/29-01:16:55.036903 7f5311c0e700                      Options.use_adaptive_mutex: 0
2021/09/29-01:16:55.036904 7f5311c0e700                            Options.rate_limiter: (nil)
2021/09/29-01:16:55.036910 7f5311c0e700     Options.sst_file_manager.rate_bytes_per_sec: 0
2021/09/29-01:16:55.037064 7f5311c0e700                       Options.wal_recovery_mode: 2
2021/09/29-01:16:55.037066 7f5311c0e700                  Options.enable_thread_tracking: 0
2021/09/29-01:16:55.037067 7f5311c0e700                  Options.enable_pipelined_write: 0
2021/09/29-01:16:55.037068 7f5311c0e700                  Options.unordered_write: 0
2021/09/29-01:16:55.037068 7f5311c0e700         Options.allow_concurrent_memtable_write: 1
2021/09/29-01:16:55.037069 7f5311c0e700      Options.enable_write_thread_adaptive_yield: 1
2021/09/29-01:16:55.037217 7f5311c0e700             Options.write_thread_max_yield_usec: 100
2021/09/29-01:16:55.037219 7f5311c0e700            Options.write_thread_slow_yield_usec: 3
2021/09/29-01:16:55.037220 7f5311c0e700                               Options.row_cache: None
2021/09/29-01:16:55.037221 7f5311c0e700                              Options.wal_filter: None
2021/09/29-01:16:55.037221 7f5311c0e700             Options.avoid_flush_during_recovery: 0
2021/09/29-01:16:55.037413 7f5311c0e700             Options.allow_ingest_behind: 0
2021/09/29-01:16:55.037415 7f5311c0e700             Options.preserve_deletes: 0
2021/09/29-01:16:55.037416 7f5311c0e700             Options.two_write_queues: 0
2021/09/29-01:16:55.037417 7f5311c0e700             Options.manual_wal_flush: 0
2021/09/29-01:16:55.037417 7f5311c0e700             Options.atomic_flush: 0
2021/09/29-01:16:55.037418 7f5311c0e700             Options.avoid_unnecessary_blocking_io: 0
2021/09/29-01:16:55.037581 7f5311c0e700                 Options.persist_stats_to_disk: 0
2021/09/29-01:16:55.037584 7f5311c0e700                 Options.write_dbid_to_manifest: 0
2021/09/29-01:16:55.037584 7f5311c0e700                 Options.log_readahead_size: 0
2021/09/29-01:16:55.037585 7f5311c0e700                 Options.file_checksum_gen_factory: Unknown
2021/09/29-01:16:55.037586 7f5311c0e700                 Options.best_efforts_recovery: 0
2021/09/29-01:16:55.037586 7f5311c0e700                Options.max_bgerror_resume_count: 2147483647
2021/09/29-01:16:55.037734 7f5311c0e700            Options.bgerror_resume_retry_interval: 1000000
2021/09/29-01:16:55.037736 7f5311c0e700             Options.allow_data_in_errors: 0
2021/09/29-01:16:55.037737 7f5311c0e700             Options.db_host_id: __hostname__
2021/09/29-01:16:55.037740 7f5311c0e700             Options.max_background_jobs: 2
2021/09/29-01:16:55.037741 7f5311c0e700             Options.max_background_compactions: 4
2021/09/29-01:16:55.037742 7f5311c0e700             Options.max_subcompactions: 1
2021/09/29-01:16:55.037893 7f5311c0e700             Options.avoid_flush_during_shutdown: 0
2021/09/29-01:16:55.037896 7f5311c0e700           Options.writable_file_max_buffer_size: 1048576
2021/09/29-01:16:55.037896 7f5311c0e700             Options.delayed_write_rate : 16777216
2021/09/29-01:16:55.037897 7f5311c0e700             Options.max_total_wal_size: 0
2021/09/29-01:16:55.037898 7f5311c0e700             Options.delete_obsolete_files_period_micros: 21600000000
2021/09/29-01:16:55.038032 7f5311c0e700                   Options.stats_dump_period_sec: 600
2021/09/29-01:16:55.038034 7f5311c0e700                 Options.stats_persist_period_sec: 600
2021/09/29-01:16:55.038035 7f5311c0e700                 Options.stats_history_buffer_size: 1048576
2021/09/29-01:16:55.038036 7f5311c0e700                          Options.max_open_files: 1024
2021/09/29-01:16:55.038036 7f5311c0e700                          Options.bytes_per_sync: 0
2021/09/29-01:16:55.038037 7f5311c0e700                      Options.wal_bytes_per_sync: 0
2021/09/29-01:16:55.038212 7f5311c0e700                   Options.strict_bytes_per_sync: 0
2021/09/29-01:16:55.038215 7f5311c0e700       Options.compaction_readahead_size: 0
2021/09/29-01:16:55.038215 7f5311c0e700                  Options.max_background_flushes: -1
2021/09/29-01:16:55.038216 7f5311c0e700 Compression algorithms supported:
2021/09/29-01:16:55.038217 7f5311c0e700 	kZSTDNotFinalCompression supported: 1
2021/09/29-01:16:55.038225 7f5311c0e700 	kZSTD supported: 1
2021/09/29-01:16:55.038370 7f5311c0e700 	kXpressCompression supported: 0
2021/09/29-01:16:55.038372 7f5311c0e700 	kLZ4HCCompression supported: 1
2021/09/29-01:16:55.038373 7f5311c0e700 	kLZ4Compression supported: 1
2021/09/29-01:16:55.038373 7f5311c0e700 	kBZip2Compression supported: 1
2021/09/29-01:16:55.038374 7f5311c0e700 	kZlibCompression supported: 1
2021/09/29-01:16:55.038375 7f5311c0e700 	kSnappyCompression supported: 1
2021/09/29-01:16:55.038380 7f5311c0e700 Fast CRC32 supported: Not supported on x86
2021/09/29-01:16:55.043709 7f5311c0e700 [/version_set.cc:4725] Recovering from manifest file: /mnt/c/Users/assid/Documents/Workspace/TrufflePatient-NW/config/IBFT-Network/Node-2/data/database/MANIFEST-000061
2021/09/29-01:16:55.045099 7f5311c0e700 [/column_family.cc:597] --------------- Options for column family [default]:
2021/09/29-01:16:55.045105 7f5311c0e700               Options.comparator: leveldb.BytewiseComparator
2021/09/29-01:16:55.045106 7f5311c0e700           Options.merge_operator: None
2021/09/29-01:16:55.045261 7f5311c0e700        Options.compaction_filter: None
2021/09/29-01:16:55.045263 7f5311c0e700        Options.compaction_filter_factory: None
2021/09/29-01:16:55.045264 7f5311c0e700  Options.sst_partitioner_factory: None
2021/09/29-01:16:55.045264 7f5311c0e700         Options.memtable_factory: SkipListFactory
2021/09/29-01:16:55.045265 7f5311c0e700            Options.table_factory: BlockBasedTable
2021/09/29-01:16:55.045287 7f5311c0e700            table_factory options:   flush_block_policy_factory: FlushBlockBySizePolicyFactory (0x7f530d43ac70)
  cache_index_and_filter_blocks: 0
  cache_index_and_filter_blocks_with_high_priority: 1
  pin_l0_filter_and_index_blocks_in_cache: 0
  pin_top_level_index_and_filter: 1
  index_type: 0
  data_block_index_type: 0
  index_shortening: 1
  data_block_hash_table_util_ratio: 0.750000
  hash_index_allow_collision: 1
  checksum: 1
  no_block_cache: 0
  block_cache: 0x7f530d4282c0
  block_cache_name: LRUCache
  block_cache_options:
    capacity : 8388608
    num_shard_bits : 4
    strict_capacity_limit : 0
    memory_allocator : None
    high_pri_pool_ratio: 0.000
  block_cache_compressed: (nil)
  persistent_cache: (nil)
  block_size: 4096
  block_size_deviation: 10
  block_restart_interval: 16
  index_block_restart_interval: 1
  metadata_block_size: 4096
  partition_filters: 0
  use_delta_encoding: 1
  filter_policy: nullptr
  whole_key_filtering: 1
  verify_compression: 0
  read_amp_bytes_per_bit: 0
  format_version: 4
  enable_index_compression: 1
  block_align: 0
2021/09/29-01:16:55.045584 7f5311c0e700        Options.write_buffer_size: 67108864
2021/09/29-01:16:55.045588 7f5311c0e700  Options.max_write_buffer_number: 2
2021/09/29-01:16:55.045592 7f5311c0e700          Options.compression: Snappy
2021/09/29-01:16:55.045593 7f5311c0e700                  Options.bottommost_compression: Disabled
2021/09/29-01:16:55.045594 7f5311c0e700       Options.prefix_extractor: nullptr
2021/09/29-01:16:55.045595 7f5311c0e700   Options.memtable_insert_with_hint_prefix_extractor: nullptr
2021/09/29-01:16:55.045847 7f5311c0e700             Options.num_levels: 7
2021/09/29-01:16:55.045849 7f5311c0e700        Options.min_write_buffer_number_to_merge: 1
2021/09/29-01:16:55.045850 7f5311c0e700     Options.max_write_buffer_number_to_maintain: 0
2021/09/29-01:16:55.045851 7f5311c0e700     Options.max_write_buffer_size_to_maintain: 134217728
2021/09/29-01:16:55.045851 7f5311c0e700            Options.bottommost_compression_opts.window_bits: -14
2021/09/29-01:16:55.045852 7f5311c0e700                  Options.bottommost_compression_opts.level: 32767
2021/09/29-01:16:55.046014 7f5311c0e700               Options.bottommost_compression_opts.strategy: 0
2021/09/29-01:16:55.046017 7f5311c0e700         Options.bottommost_compression_opts.max_dict_bytes: 0
2021/09/29-01:16:55.046018 7f5311c0e700         Options.bottommost_compression_opts.zstd_max_train_bytes: 0
2021/09/29-01:16:55.046019 7f5311c0e700         Options.bottommost_compression_opts.parallel_threads: 1
2021/09/29-01:16:55.046181 7f5311c0e700                  Options.bottommost_compression_opts.enabled: false
2021/09/29-01:16:55.046184 7f5311c0e700            Options.compression_opts.window_bits: -14
2021/09/29-01:16:55.046186 7f5311c0e700                  Options.compression_opts.level: 32767
2021/09/29-01:16:55.046187 7f5311c0e700               Options.compression_opts.strategy: 0
2021/09/29-01:16:55.046187 7f5311c0e700         Options.compression_opts.max_dict_bytes: 0
2021/09/29-01:16:55.046188 7f5311c0e700         Options.compression_opts.zstd_max_train_bytes: 0
2021/09/29-01:16:55.046363 7f5311c0e700         Options.compression_opts.parallel_threads: 1
2021/09/29-01:16:55.046366 7f5311c0e700                  Options.compression_opts.enabled: false
2021/09/29-01:16:55.046367 7f5311c0e700      Options.level0_file_num_compaction_trigger: 4
2021/09/29-01:16:55.046368 7f5311c0e700          Options.level0_slowdown_writes_trigger: 20
2021/09/29-01:16:55.046369 7f5311c0e700              Options.level0_stop_writes_trigger: 36
2021/09/29-01:16:55.046539 7f5311c0e700                   Options.target_file_size_base: 67108864
2021/09/29-01:16:55.046542 7f5311c0e700             Options.target_file_size_multiplier: 1
2021/09/29-01:16:55.046543 7f5311c0e700                Options.max_bytes_for_level_base: 268435456
2021/09/29-01:16:55.046543 7f5311c0e700 Options.level_compaction_dynamic_level_bytes: 0
2021/09/29-01:16:55.046544 7f5311c0e700          Options.max_bytes_for_level_multiplier: 10.000000
2021/09/29-01:16:55.046546 7f5311c0e700 Options.max_bytes_for_level_multiplier_addtl[0]: 1
2021/09/29-01:16:55.046706 7f5311c0e700 Options.max_bytes_for_level_multiplier_addtl[1]: 1
2021/09/29-01:16:55.046708 7f5311c0e700 Options.max_bytes_for_level_multiplier_addtl[2]: 1
2021/09/29-01:16:55.046709 7f5311c0e700 Options.max_bytes_for_level_multiplier_addtl[3]: 1
2021/09/29-01:16:55.046710 7f5311c0e700 Options.max_bytes_for_level_multiplier_addtl[4]: 1
2021/09/29-01:16:55.046710 7f5311c0e700 Options.max_bytes_for_level_multiplier_addtl[5]: 1
2021/09/29-01:16:55.046850 7f5311c0e700 Options.max_bytes_for_level_multiplier_addtl[6]: 1
2021/09/29-01:16:55.046852 7f5311c0e700       Options.max_sequential_skip_in_iterations: 8
2021/09/29-01:16:55.046853 7f5311c0e700                    Options.max_compaction_bytes: 1677721600
2021/09/29-01:16:55.046854 7f5311c0e700                        Options.arena_block_size: 8388608
2021/09/29-01:16:55.046854 7f5311c0e700   Options.soft_pending_compaction_bytes_limit: 68719476736
2021/09/29-01:16:55.046855 7f5311c0e700   Options.hard_pending_compaction_bytes_limit: 274877906944
2021/09/29-01:16:55.046982 7f5311c0e700       Options.rate_limit_delay_max_milliseconds: 100
2021/09/29-01:16:55.046985 7f5311c0e700                Options.disable_auto_compactions: 1
2021/09/29-01:16:55.046986 7f5311c0e700                        Options.compaction_style: kCompactionStyleLevel
2021/09/29-01:16:55.046987 7f5311c0e700                          Options.compaction_pri: kMinOverlappingRatio
2021/09/29-01:16:55.046988 7f5311c0e700 Options.compaction_options_universal.size_ratio: 1
2021/09/29-01:16:55.047122 7f5311c0e700 Options.compaction_options_universal.min_merge_width: 2
2021/09/29-01:16:55.047125 7f5311c0e700 Options.compaction_options_universal.max_merge_width: 4294967295
2021/09/29-01:16:55.047126 7f5311c0e700 Options.compaction_options_universal.max_size_amplification_percent: 200
2021/09/29-01:16:55.047127 7f5311c0e700 Options.compaction_options_universal.compression_size_percent: -1
2021/09/29-01:16:55.047128 7f5311c0e700 Options.compaction_options_universal.stop_style: kCompactionStopStyleTotalSize
2021/09/29-01:16:55.047330 7f5311c0e700 Options.compaction_options_fifo.max_table_files_size: 1073741824
2021/09/29-01:16:55.047333 7f5311c0e700 Options.compaction_options_fifo.allow_compaction: 0
2021/09/29-01:16:55.047339 7f5311c0e700                   Options.table_properties_collectors: 
2021/09/29-01:16:55.047339 7f5311c0e700                   Options.inplace_update_support: 0
2021/09/29-01:16:55.047340 7f5311c0e700                 Options.inplace_update_num_locks: 10000
2021/09/29-01:16:55.047514 7f5311c0e700               Options.memtable_prefix_bloom_size_ratio: 0.000000
2021/09/29-01:16:55.047517 7f5311c0e700               Options.memtable_whole_key_filtering: 0
2021/09/29-01:16:55.047518 7f5311c0e700   Options.memtable_huge_page_size: 0
2021/09/29-01:16:55.047519 7f5311c0e700                           Options.bloom_locality: 0
2021/09/29-01:16:55.047519 7f5311c0e700                    Options.max_successive_merges: 0
2021/09/29-01:16:55.047654 7f5311c0e700                Options.optimize_filters_for_hits: 0
2021/09/29-01:16:55.047656 7f5311c0e700                Options.paranoid_file_checks: 0
2021/09/29-01:16:55.047657 7f5311c0e700                Options.force_consistency_checks: 1
2021/09/29-01:16:55.047658 7f5311c0e700                Options.report_bg_io_stats: 0
2021/09/29-01:16:55.047658 7f5311c0e700                               Options.ttl: 2592000
2021/09/29-01:16:55.047659 7f5311c0e700          Options.periodic_compaction_seconds: 0
2021/09/29-01:16:55.047799 7f5311c0e700                    Options.enable_blob_files: false
2021/09/29-01:16:55.047801 7f5311c0e700                        Options.min_blob_size: 0
2021/09/29-01:16:55.047811 7f5311c0e700                       Options.blob_file_size: 268435456
2021/09/29-01:16:55.047814 7f5311c0e700                Options.blob_compression_type: NoCompression
2021/09/29-01:16:55.047815 7f5311c0e700       Options.enable_blob_garbage_collection: false
2021/09/29-01:16:55.047816 7f5311c0e700   Options.blob_garbage_collection_age_cutoff: 0.250000
2021/09/29-01:16:55.048647 7f5311c0e700 [/column_family.cc:597] --------------- Options for column family []:
2021/09/29-01:16:55.048650 7f5311c0e700               Options.comparator: leveldb.BytewiseComparator
2021/09/29-01:16:55.048651 7f5311c0e700           Options.merge_operator: None
2021/09/29-01:16:55.048652 7f5311c0e700        Options.compaction_filter: None
2021/09/29-01:16:55.048653 7f5311c0e700        Options.compaction_filter_factory: None
2021/09/29-01:16:55.048797 7f5311c0e700  Options.sst_partitioner_factory: None
2021/09/29-01:16:55.048800 7f5311c0e700         Options.memtable_factory: SkipListFactory
2021/09/29-01:16:55.048801 7f5311c0e700            Options.table_factory: BlockBasedTable
2021/09/29-01:16:55.048822 7f5311c0e700            table_factory options:   flush_block_policy_factory: FlushBlockBySizePolicyFactory (0x7f530d3fabc0)
  cache_index_and_filter_blocks: 0
  cache_index_and_filter_blocks_with_high_priority: 1
  pin_l0_filter_and_index_blocks_in_cache: 0
  pin_top_level_index_and_filter: 1
  index_type: 0
  data_block_index_type: 0
  index_shortening: 1
  data_block_hash_table_util_ratio: 0.750000
  hash_index_allow_collision: 1
  checksum: 1
  no_block_cache: 0
  block_cache: 0x7f530d3fac00
  block_cache_name: LRUCache
  block_cache_options:
    capacity : 8388608
    num_shard_bits : 4
    strict_capacity_limit : 0
    memory_allocator : None
    high_pri_pool_ratio: 0.000
  block_cache_compressed: (nil)
  persistent_cache: (nil)
  block_size: 4096
  block_size_deviation: 10
  block_restart_interval: 16
  index_block_restart_interval: 1
  metadata_block_size: 4096
  partition_filters: 0
  use_delta_encoding: 1
  filter_policy: nullptr
  whole_key_filtering: 1
  verify_compression: 0
  read_amp_bytes_per_bit: 0
  format_version: 4
  enable_index_compression: 1
  block_align: 0
2021/09/29-01:16:55.049088 7f5311c0e700        Options.write_buffer_size: 67108864
2021/09/29-01:16:55.049090 7f5311c0e700  Options.max_write_buffer_number: 2
2021/09/29-01:16:55.049238 7f5311c0e700          Options.compression: Snappy
2021/09/29-01:16:55.049241 7f5311c0e700                  Options.bottommost_compression: Disabled
2021/09/29-01:16:55.049241 7f5311c0e700       Options.prefix_extractor: nullptr
2021/09/29-01:16:55.049242 7f5311c0e700   Options.memtable_insert_with_hint_prefix_extractor: nullptr
2021/09/29-01:16:55.049243 7f5311c0e700             Options.num_levels: 7
2021/09/29-01:16:55.049244 7f5311c0e700        Options.min_write_buffer_number_to_merge: 1
2021/09/29-01:16:55.049402 7f5311c0e700     Options.max_write_buffer_number_to_maintain: 0
2021/09/29-01:16:55.049405 7f5311c0e700     Options.max_write_buffer_size_to_maintain: 134217728
2021/09/29-01:16:55.049406 7f5311c0e700            Options.bottommost_compression_opts.window_bits: -14
2021/09/29-01:16:55.049406 7f5311c0e700                  Options.bottommost_compression_opts.level: 32767
2021/09/29-01:16:55.049407 7f5311c0e700               Options.bottommost_compression_opts.strategy: 0
2021/09/29-01:16:55.049560 7f5311c0e700         Options.bottommost_compression_opts.max_dict_bytes: 0
2021/09/29-01:16:55.049563 7f5311c0e700         Options.bottommost_compression_opts.zstd_max_train_bytes: 0
2021/09/29-01:16:55.049564 7f5311c0e700         Options.bottommost_compression_opts.parallel_threads: 1
2021/09/29-01:16:55.049564 7f5311c0e700                  Options.bottommost_compression_opts.enabled: false
2021/09/29-01:16:55.049565 7f5311c0e700            Options.compression_opts.window_bits: -14
2021/09/29-01:16:55.049696 7f5311c0e700                  Options.compression_opts.level: 32767
2021/09/29-01:16:55.049698 7f5311c0e700               Options.compression_opts.strategy: 0
2021/09/29-01:16:55.049699 7f5311c0e700         Options.compression_opts.max_dict_bytes: 0
2021/09/29-01:16:55.049700 7f5311c0e700         Options.compression_opts.zstd_max_train_bytes: 0
2021/09/29-01:16:55.049700 7f5311c0e700         Options.compression_opts.parallel_threads: 1
2021/09/29-01:16:55.049701 7f5311c0e700                  Options.compression_opts.enabled: false
2021/09/29-01:16:55.049842 7f5311c0e700      Options.level0_file_num_compaction_trigger: 4
2021/09/29-01:16:55.049845 7f5311c0e700          Options.level0_slowdown_writes_trigger: 20
2021/09/29-01:16:55.049846 7f5311c0e700              Options.level0_stop_writes_trigger: 36
2021/09/29-01:16:55.049846 7f5311c0e700                   Options.target_file_size_base: 67108864
2021/09/29-01:16:55.049847 7f5311c0e700             Options.target_file_size_multiplier: 1
2021/09/29-01:16:55.049984 7f5311c0e700                Options.max_bytes_for_level_base: 268435456
2021/09/29-01:16:55.049986 7f5311c0e700 Options.level_compaction_dynamic_level_bytes: 0
2021/09/29-01:16:55.049987 7f5311c0e700          Options.max_bytes_for_level_multiplier: 10.000000
2021/09/29-01:16:55.049989 7f5311c0e700 Options.max_bytes_for_level_multiplier_addtl[0]: 1
2021/09/29-01:16:55.049990 7f5311c0e700 Options.max_bytes_for_level_multiplier_addtl[1]: 1
2021/09/29-01:16:55.049991 7f5311c0e700 Options.max_bytes_for_level_multiplier_addtl[2]: 1
2021/09/29-01:16:55.050167 7f5311c0e700 Options.max_bytes_for_level_multiplier_addtl[3]: 1
2021/09/29-01:16:55.050169 7f5311c0e700 Options.max_bytes_for_level_multiplier_addtl[4]: 1
2021/09/29-01:16:55.050170 7f5311c0e700 Options.max_bytes_for_level_multiplier_addtl[5]: 1
2021/09/29-01:16:55.050170 7f5311c0e700 Options.max_bytes_for_level_multiplier_addtl[6]: 1
2021/09/29-01:16:55.050171 7f5311c0e700       Options.max_sequential_skip_in_iterations: 8
2021/09/29-01:16:55.050336 7f5311c0e700                    Options.max_compaction_bytes: 1677721600
2021/09/29-01:16:55.050338 7f5311c0e700                        Options.arena_block_size: 8388608
2021/09/29-01:16:55.050339 7f5311c0e700   Options.soft_pending_compaction_bytes_limit: 68719476736
2021/09/29-01:16:55.050340 7f5311c0e700   Options.hard_pending_compaction_bytes_limit: 274877906944
2021/09/29-01:16:55.050340 7f5311c0e700       Options.rate_limit_delay_max_milliseconds: 100
2021/09/29-01:16:55.050485 7f5311c0e700                Options.disable_auto_compactions: 1
2021/09/29-01:16:55.050487 7f5311c0e700                        Options.compaction_style: kCompactionStyleLevel
2021/09/29-01:16:55.050488 7f5311c0e700                          Options.compaction_pri: kMinOverlappingRatio
2021/09/29-01:16:55.050488 7f5311c0e700 Options.compaction_options_universal.size_ratio: 1
2021/09/29-01:16:55.050489 7f5311c0e700 Options.compaction_options_universal.min_merge_width: 2
2021/09/29-01:16:55.050490 7f5311c0e700 Options.compaction_options_universal.max_merge_width: 4294967295
2021/09/29-01:16:55.050638 7f5311c0e700 Options.compaction_options_universal.max_size_amplification_percent: 200
2021/09/29-01:16:55.050640 7f5311c0e700 Options.compaction_options_universal.compression_size_percent: -1
2021/09/29-01:16:55.050641 7f5311c0e700 Options.compaction_options_universal.stop_style: kCompactionStopStyleTotalSize
2021/09/29-01:16:55.050642 7f5311c0e700 Options.compaction_options_fifo.max_table_files_size: 1073741824
2021/09/29-01:16:55.050783 7f5311c0e700 Options.compaction_options_fifo.allow_compaction: 0
2021/09/29-01:16:55.050801 7f5311c0e700                   Options.table_properties_collectors: 
2021/09/29-01:16:55.050803 7f5311c0e700                   Options.inplace_update_support: 0
2021/09/29-01:16:55.050804 7f5311c0e700                 Options.inplace_update_num_locks: 10000
2021/09/29-01:16:55.050805 7f5311c0e700               Options.memtable_prefix_bloom_size_ratio: 0.000000
2021/09/29-01:16:55.050961 7f5311c0e700               Options.memtable_whole_key_filtering: 0
2021/09/29-01:16:55.050964 7f5311c0e700   Options.memtable_huge_page_size: 0
2021/09/29-01:16:55.050965 7f5311c0e700                           Options.bloom_locality: 0
2021/09/29-01:16:55.050966 7f5311c0e700                    Options.max_successive_merges: 0
2021/09/29-01:16:55.050967 7f5311c0e700                Options.optimize_filters_for_hits: 0
2021/09/29-01:16:55.050968 7f5311c0e700                Options.paranoid_file_checks: 0
2021/09/29-01:16:55.051127 7f5311c0e700                Options.force_consistency_checks: 1
2021/09/29-01:16:55.051129 7f5311c0e700                Options.report_bg_io_stats: 0
2021/09/29-01:16:55.051130 7f5311c0e700                               Options.ttl: 2592000
2021/09/29-01:16:55.051131 7f5311c0e700          Options.periodic_compaction_seconds: 0
2021/09/29-01:16:55.051132 7f5311c0e700                    Options.enable_blob_files: false
2021/09/29-01:16:55.051132 7f5311c0e700                        Options.min_blob_size: 0
2021/09/29-01:16:55.051299 7f5311c0e700                       Options.blob_file_size: 268435456
2021/09/29-01:16:55.051303 7f5311c0e700                Options.blob_compression_type: NoCompression
2021/09/29-01:16:55.051304 7f5311c0e700       Options.enable_blob_garbage_collection: false
2021/09/29-01:16:55.051304 7f5311c0e700   Options.blob_garbage_collection_age_cutoff: 0.250000
2021/09/29-01:16:55.051352 7f5311c0e700 [/column_family.cc:597] --------------- Options for column family []:
2021/09/29-01:16:55.051486 7f5311c0e700               Options.comparator: leveldb.BytewiseComparator
2021/09/29-01:16:55.051488 7f5311c0e700           Options.merge_operator: None
2021/09/29-01:16:55.051488 7f5311c0e700        Options.compaction_filter: None
2021/09/29-01:16:55.051489 7f5311c0e700        Options.compaction_filter_factory: None
2021/09/29-01:16:55.051490 7f5311c0e700  Options.sst_partitioner_factory: None
2021/09/29-01:16:55.051490 7f5311c0e700         Options.memtable_factory: SkipListFactory
2021/09/29-01:16:55.051643 7f5311c0e700            Options.table_factory: BlockBasedTable
2021/09/29-01:16:55.051664 7f5311c0e700            table_factory options:   flush_block_policy_factory: FlushBlockBySizePolicyFactory (0x7f530d3fcb30)
  cache_index_and_filter_blocks: 0
  cache_index_and_filter_blocks_with_high_priority: 1
  pin_l0_filter_and_index_blocks_in_cache: 0
  pin_top_level_index_and_filter: 1
  index_type: 0
  data_block_index_type: 0
  index_shortening: 1
  data_block_hash_table_util_ratio: 0.750000
  hash_index_allow_collision: 1
  checksum: 1
  no_block_cache: 0
  block_cache: 0x7f530d3fcb70
  block_cache_name: LRUCache
  block_cache_options:
    capacity : 8388608
    num_shard_bits : 4
    strict_capacity_limit : 0
    memory_allocator : None
    high_pri_pool_ratio: 0.000
  block_cache_compressed: (nil)
  persistent_cache: (nil)
  block_size: 4096
  block_size_deviation: 10
  block_restart_interval: 16
  index_block_restart_interval: 1
  metadata_block_size: 4096
  partition_filters: 0
  use_delta_encoding: 1
  filter_policy: nullptr
  whole_key_filtering: 1
  verify_compression: 0
  read_amp_bytes_per_bit: 0
  format_version: 4
  enable_index_compression: 1
  block_align: 0
2021/09/29-01:16:55.051964 7f5311c0e700        Options.write_buffer_size: 67108864
2021/09/29-01:16:55.051966 7f5311c0e700  Options.max_write_buffer_number: 2
2021/09/29-01:16:55.051968 7f5311c0e700          Options.compression: Snappy
2021/09/29-01:16:55.051968 7f5311c0e700                  Options.bottommost_compression: Disabled
2021/09/29-01:16:55.052130 7f5311c0e700       Options.prefix_extractor: nullptr
2021/09/29-01:16:55.052133 7f5311c0e700   Options.memtable_insert_with_hint_prefix_extractor: nullptr
2021/09/29-01:16:55.052134 7f5311c0e700             Options.num_levels: 7
2021/09/29-01:16:55.052134 7f5311c0e700        Options.min_write_buffer_number_to_merge: 1
2021/09/29-01:16:55.052135 7f5311c0e700     Options.max_write_buffer_number_to_maintain: 0
2021/09/29-01:16:55.052136 7f5311c0e700     Options.max_write_buffer_size_to_maintain: 134217728
2021/09/29-01:16:55.052272 7f5311c0e700            Options.bottommost_compression_opts.window_bits: -14
2021/09/29-01:16:55.052275 7f5311c0e700                  Options.bottommost_compression_opts.level: 32767
2021/09/29-01:16:55.052275 7f5311c0e700               Options.bottommost_compression_opts.strategy: 0
2021/09/29-01:16:55.052276 7f5311c0e700         Options.bottommost_compression_opts.max_dict_bytes: 0
2021/09/29-01:16:55.052277 7f5311c0e700         Options.bottommost_compression_opts.zstd_max_train_bytes: 0
2021/09/29-01:16:55.052404 7f5311c0e700         Options.bottommost_compression_opts.parallel_threads: 1
2021/09/29-01:16:55.052407 7f5311c0e700                  Options.bottommost_compression_opts.enabled: false
2021/09/29-01:16:55.052407 7f5311c0e700            Options.compression_opts.window_bits: -14
2021/09/29-01:16:55.052408 7f5311c0e700                  Options.compression_opts.level: 32767
2021/09/29-01:16:55.052409 7f5311c0e700               Options.compression_opts.strategy: 0
2021/09/29-01:16:55.052532 7f5311c0e700         Options.compression_opts.max_dict_bytes: 0
2021/09/29-01:16:55.052535 7f5311c0e700         Options.compression_opts.zstd_max_train_bytes: 0
2021/09/29-01:16:55.052535 7f5311c0e700         Options.compression_opts.parallel_threads: 1
2021/09/29-01:16:55.052536 7f5311c0e700                  Options.compression_opts.enabled: false
2021/09/29-01:16:55.052537 7f5311c0e700      Options.level0_file_num_compaction_trigger: 4
2021/09/29-01:16:55.052817 7f5311c0e700          Options.level0_slowdown_writes_trigger: 20
2021/09/29-01:16:55.052819 7f5311c0e700              Options.level0_stop_writes_trigger: 36
2021/09/29-01:16:55.052819 7f5311c0e700                   Options.target_file_size_base: 67108864
2021/09/29-01:16:55.052820 7f5311c0e700             Options.target_file_size_multiplier: 1
2021/09/29-01:16:55.052821 7f5311c0e700                Options.max_bytes_for_level_base: 268435456
2021/09/29-01:16:55.052821 7f5311c0e700 Options.level_compaction_dynamic_level_bytes: 0
2021/09/29-01:16:55.052998 7f5311c0e700          Options.max_bytes_for_level_multiplier: 10.000000
2021/09/29-01:16:55.053024 7f5311c0e700 Options.max_bytes_for_level_multiplier_addtl[0]: 1
2021/09/29-01:16:55.053026 7f5311c0e700 Options.max_bytes_for_level_multiplier_addtl[1]: 1
2021/09/29-01:16:55.053027 7f5311c0e700 Options.max_bytes_for_level_multiplier_addtl[2]: 1
2021/09/29-01:16:55.053027 7f5311c0e700 Options.max_bytes_for_level_multiplier_addtl[3]: 1
2021/09/29-01:16:55.053282 7f5311c0e700 Options.max_bytes_for_level_multiplier_addtl[4]: 1
2021/09/29-01:16:55.053285 7f5311c0e700 Options.max_bytes_for_level_multiplier_addtl[5]: 1
2021/09/29-01:16:55.053286 7f5311c0e700 Options.max_bytes_for_level_multiplier_addtl[6]: 1
2021/09/29-01:16:55.053287 7f5311c0e700       Options.max_sequential_skip_in_iterations: 8
2021/09/29-01:16:55.053311 7f5311c0e700                    Options.max_compaction_bytes: 1677721600
2021/09/29-01:16:55.053312 7f5311c0e700                        Options.arena_block_size: 8388608
2021/09/29-01:16:55.053502 7f5311c0e700   Options.soft_pending_compaction_bytes_limit: 68719476736
2021/09/29-01:16:55.053504 7f5311c0e700   Options.hard_pending_compaction_bytes_limit: 274877906944
2021/09/29-01:16:55.053505 7f5311c0e700       Options.rate_limit_delay_max_milliseconds: 100
2021/09/29-01:16:55.053506 7f5311c0e700                Options.disable_auto_compactions: 1
2021/09/29-01:16:55.053507 7f5311c0e700                        Options.compaction_style: kCompactionStyleLevel
2021/09/29-01:16:55.053655 7f5311c0e700                          Options.compaction_pri: kMinOverlappingRatio
2021/09/29-01:16:55.053658 7f5311c0e700 Options.compaction_options_universal.size_ratio: 1
2021/09/29-01:16:55.053658 7f5311c0e700 Options.compaction_options_universal.min_merge_width: 2
2021/09/29-01:16:55.053659 7f5311c0e700 Options.compaction_options_universal.max_merge_width: 4294967295
2021/09/29-01:16:55.053660 7f5311c0e700 Options.compaction_options_universal.max_size_amplification_percent: 200
2021/09/29-01:16:55.053806 7f5311c0e700 Options.compaction_options_universal.compression_size_percent: -1
2021/09/29-01:16:55.053809 7f5311c0e700 Options.compaction_options_universal.stop_style: kCompactionStopStyleTotalSize
2021/09/29-01:16:55.053810 7f5311c0e700 Options.compaction_options_fifo.max_table_files_size: 1073741824
2021/09/29-01:16:55.053810 7f5311c0e700 Options.compaction_options_fifo.allow_compaction: 0
2021/09/29-01:16:55.053818 7f5311c0e700                   Options.table_properties_collectors: 
2021/09/29-01:16:55.053966 7f5311c0e700                   Options.inplace_update_support: 0
2021/09/29-01:16:55.053968 7f5311c0e700                 Options.inplace_update_num_locks: 10000
2021/09/29-01:16:55.053969 7f5311c0e700               Options.memtable_prefix_bloom_size_ratio: 0.000000
2021/09/29-01:16:55.053971 7f5311c0e700               Options.memtable_whole_key_filtering: 0
2021/09/29-01:16:55.053971 7f5311c0e700   Options.memtable_huge_page_size: 0
2021/09/29-01:16:55.054112 7f5311c0e700                           Options.bloom_locality: 0
2021/09/29-01:16:55.054114 7f5311c0e700                    Options.max_successive_merges: 0
2021/09/29-01:16:55.054115 7f5311c0e700                Options.optimize_filters_for_hits: 0
2021/09/29-01:16:55.054115 7f5311c0e700                Options.paranoid_file_checks: 0
2021/09/29-01:16:55.054116 7f5311c0e700                Options.force_consistency_checks: 1
2021/09/29-01:16:55.054117 7f5311c0e700                Options.report_bg_io_stats: 0
2021/09/29-01:16:55.054263 7f5311c0e700                               Options.ttl: 2592000
2021/09/29-01:16:55.054265 7f5311c0e700          Options.periodic_compaction_seconds: 0
2021/09/29-01:16:55.054266 7f5311c0e700                    Options.enable_blob_files: false
2021/09/29-01:16:55.054266 7f5311c0e700                        Options.min_blob_size: 0
2021/09/29-01:16:55.054267 7f5311c0e700                       Options.blob_file_size: 268435456
2021/09/29-01:16:55.054269 7f5311c0e700                Options.blob_compression_type: NoCompression
2021/09/29-01:16:55.054404 7f5311c0e700       Options.enable_blob_garbage_collection: false
2021/09/29-01:16:55.054406 7f5311c0e700   Options.blob_garbage_collection_age_cutoff: 0.250000
2021/09/29-01:16:55.054447 7f5311c0e700 [/column_family.cc:597] --------------- Options for column family []:
2021/09/29-01:16:55.054449 7f5311c0e700               Options.comparator: leveldb.BytewiseComparator
2021/09/29-01:16:55.054449 7f5311c0e700           Options.merge_operator: None
2021/09/29-01:16:55.054593 7f5311c0e700        Options.compaction_filter: None
2021/09/29-01:16:55.054595 7f5311c0e700        Options.compaction_filter_factory: None
2021/09/29-01:16:55.054596 7f5311c0e700  Options.sst_partitioner_factory: None
2021/09/29-01:16:55.054597 7f5311c0e700         Options.memtable_factory: SkipListFactory
2021/09/29-01:16:55.054597 7f5311c0e700            Options.table_factory: BlockBasedTable
2021/09/29-01:16:55.054617 7f5311c0e700            table_factory options:   flush_block_policy_factory: FlushBlockBySizePolicyFactory (0x7f530d3feb50)
  cache_index_and_filter_blocks: 0
  cache_index_and_filter_blocks_with_high_priority: 1
  pin_l0_filter_and_index_blocks_in_cache: 0
  pin_top_level_index_and_filter: 1
  index_type: 0
  data_block_index_type: 0
  index_shortening: 1
  data_block_hash_table_util_ratio: 0.750000
  hash_index_allow_collision: 1
  checksum: 1
  no_block_cache: 0
  block_cache: 0x7f530d3feb90
  block_cache_name: LRUCache
  block_cache_options:
    capacity : 8388608
    num_shard_bits : 4
    strict_capacity_limit : 0
    memory_allocator : None
    high_pri_pool_ratio: 0.000
  block_cache_compressed: (nil)
  persistent_cache: (nil)
  block_size: 4096
  block_size_deviation: 10
  block_restart_interval: 16
  index_block_restart_interval: 1
  metadata_block_size: 4096
  partition_filters: 0
  use_delta_encoding: 1
  filter_policy: nullptr
  whole_key_filtering: 1
  verify_compression: 0
  read_amp_bytes_per_bit: 0
  format_version: 4
  enable_index_compression: 1
  block_align: 0
2021/09/29-01:16:55.054901 7f5311c0e700        Options.write_buffer_size: 67108864
2021/09/29-01:16:55.054904 7f5311c0e700  Options.max_write_buffer_number: 2
2021/09/29-01:16:55.054905 7f5311c0e700          Options.compression: Snappy
2021/09/29-01:16:55.054906 7f5311c0e700                  Options.bottommost_compression: Disabled
2021/09/29-01:16:55.054906 7f5311c0e700       Options.prefix_extractor: nullptr
2021/09/29-01:16:55.054907 7f5311c0e700   Options.memtable_insert_with_hint_prefix_extractor: nullptr
2021/09/29-01:16:55.055047 7f5311c0e700             Options.num_levels: 7
2021/09/29-01:16:55.055050 7f5311c0e700        Options.min_write_buffer_number_to_merge: 1
2021/09/29-01:16:55.055050 7f5311c0e700     Options.max_write_buffer_number_to_maintain: 0
2021/09/29-01:16:55.055051 7f5311c0e700     Options.max_write_buffer_size_to_maintain: 134217728
2021/09/29-01:16:55.055052 7f5311c0e700            Options.bottommost_compression_opts.window_bits: -14
2021/09/29-01:16:55.055197 7f5311c0e700                  Options.bottommost_compression_opts.level: 32767
2021/09/29-01:16:55.055200 7f5311c0e700               Options.bottommost_compression_opts.strategy: 0
2021/09/29-01:16:55.055200 7f5311c0e700         Options.bottommost_compression_opts.max_dict_bytes: 0
2021/09/29-01:16:55.055201 7f5311c0e700         Options.bottommost_compression_opts.zstd_max_train_bytes: 0
