2021/09/29-01:34:28.811895 7f68e1ece700 RocksDB version: 6.15.2
2021/09/29-01:34:28.812270 7f68e1ece700 Git sha rocksdb_build_git_sha:
2021/09/29-01:34:28.812272 7f68e1ece700 Compile date Jan  4 2021
2021/09/29-01:34:28.812321 7f68e1ece700 DB SUMMARY
2021/09/29-01:34:28.812322 7f68e1ece700 DB Session ID:  B6H98ZDNZI76FVNSILUB
2021/09/29-01:34:28.815414 7f68e1ece700 CURRENT file:  CURRENT
2021/09/29-01:34:28.815416 7f68e1ece700 IDENTITY file:  IDENTITY
2021/09/29-01:34:28.816021 7f68e1ece700 MANIFEST file:  MANIFEST-000083 size: 1259 Bytes
2021/09/29-01:34:28.816026 7f68e1ece700 SST files in /mnt/c/Users/assid/Documents/Workspace/TrufflePatient-NW/config/IBFT-Network/Node-4/data/database dir, Total Num: 6, files: 000037.sst 000038.sst 000059.sst 000060.sst 000081.sst 000082.sst 
2021/09/29-01:34:28.816176 7f68e1ece700 Write Ahead Log file in /mnt/c/Users/assid/Documents/Workspace/TrufflePatient-NW/config/IBFT-Network/Node-4/data/database: 000004.log size: 449852 ; 000040.log size: 690387 ; 000062.log size: 382456 ; 000084.log size: 578236 ; 
2021/09/29-01:34:28.816181 7f68e1ece700                         Options.error_if_exists: 0
2021/09/29-01:34:28.816480 7f68e1ece700                       Options.create_if_missing: 1
2021/09/29-01:34:28.816482 7f68e1ece700                         Options.paranoid_checks: 1
2021/09/29-01:34:28.816483 7f68e1ece700                               Options.track_and_verify_wals_in_manifest: 0
2021/09/29-01:34:28.816484 7f68e1ece700                                     Options.env: 0x7f685efd93c0
2021/09/29-01:34:28.816484 7f68e1ece700                                      Options.fs: Posix File System
2021/09/29-01:34:28.816615 7f68e1ece700                                Options.info_log: 0x7f68dd4db800
2021/09/29-01:34:28.816617 7f68e1ece700                Options.max_file_opening_threads: 16
2021/09/29-01:34:28.816618 7f68e1ece700                              Options.statistics: 0x7f68dd3feba0
2021/09/29-01:34:28.816618 7f68e1ece700                               Options.use_fsync: 0
2021/09/29-01:34:28.816619 7f68e1ece700                       Options.max_log_file_size: 0
2021/09/29-01:34:28.816750 7f68e1ece700                  Options.max_manifest_file_size: 1073741824
2021/09/29-01:34:28.816752 7f68e1ece700                   Options.log_file_time_to_roll: 0
2021/09/29-01:34:28.816753 7f68e1ece700                       Options.keep_log_file_num: 1000
2021/09/29-01:34:28.816754 7f68e1ece700                    Options.recycle_log_file_num: 0
2021/09/29-01:34:28.816754 7f68e1ece700                         Options.allow_fallocate: 1
2021/09/29-01:34:28.816755 7f68e1ece700                        Options.allow_mmap_reads: 0
2021/09/29-01:34:28.816882 7f68e1ece700                       Options.allow_mmap_writes: 0
2021/09/29-01:34:28.816885 7f68e1ece700                        Options.use_direct_reads: 0
2021/09/29-01:34:28.816885 7f68e1ece700                        Options.use_direct_io_for_flush_and_compaction: 0
2021/09/29-01:34:28.816886 7f68e1ece700          Options.create_missing_column_families: 1
2021/09/29-01:34:28.816887 7f68e1ece700                              Options.db_log_dir: 
2021/09/29-01:34:28.817019 7f68e1ece700                                 Options.wal_dir: /mnt/c/Users/assid/Documents/Workspace/TrufflePatient-NW/config/IBFT-Network/Node-4/data/database
2021/09/29-01:34:28.817021 7f68e1ece700                Options.table_cache_numshardbits: 6
2021/09/29-01:34:28.817022 7f68e1ece700                         Options.WAL_ttl_seconds: 0
2021/09/29-01:34:28.817023 7f68e1ece700                       Options.WAL_size_limit_MB: 0
2021/09/29-01:34:28.817023 7f68e1ece700                        Options.max_write_batch_group_size_bytes: 1048576
2021/09/29-01:34:28.817150 7f68e1ece700             Options.manifest_preallocation_size: 4194304
2021/09/29-01:34:28.817152 7f68e1ece700                     Options.is_fd_close_on_exec: 1
2021/09/29-01:34:28.817153 7f68e1ece700                   Options.advise_random_on_open: 1
2021/09/29-01:34:28.817154 7f68e1ece700                    Options.db_write_buffer_size: 0
2021/09/29-01:34:28.817154 7f68e1ece700                    Options.write_buffer_manager: 0x7f68dd4e2110
2021/09/29-01:34:28.817314 7f68e1ece700         Options.access_hint_on_compaction_start: 1
2021/09/29-01:34:28.817316 7f68e1ece700  Options.new_table_reader_for_compaction_inputs: 0
2021/09/29-01:34:28.817317 7f68e1ece700           Options.random_access_max_buffer_size: 1048576
2021/09/29-01:34:28.817318 7f68e1ece700                      Options.use_adaptive_mutex: 0
2021/09/29-01:34:28.817318 7f68e1ece700                            Options.rate_limiter: (nil)
2021/09/29-01:34:28.817463 7f68e1ece700     Options.sst_file_manager.rate_bytes_per_sec: 0
2021/09/29-01:34:28.817465 7f68e1ece700                       Options.wal_recovery_mode: 2
2021/09/29-01:34:28.817466 7f68e1ece700                  Options.enable_thread_tracking: 0
2021/09/29-01:34:28.817467 7f68e1ece700                  Options.enable_pipelined_write: 0
2021/09/29-01:34:28.817467 7f68e1ece700                  Options.unordered_write: 0
2021/09/29-01:34:28.817468 7f68e1ece700         Options.allow_concurrent_memtable_write: 1
2021/09/29-01:34:28.817596 7f68e1ece700      Options.enable_write_thread_adaptive_yield: 1
2021/09/29-01:34:28.817598 7f68e1ece700             Options.write_thread_max_yield_usec: 100
2021/09/29-01:34:28.817599 7f68e1ece700            Options.write_thread_slow_yield_usec: 3
2021/09/29-01:34:28.817599 7f68e1ece700                               Options.row_cache: None
2021/09/29-01:34:28.817600 7f68e1ece700                              Options.wal_filter: None
2021/09/29-01:34:28.817601 7f68e1ece700             Options.avoid_flush_during_recovery: 0
2021/09/29-01:34:28.817728 7f68e1ece700             Options.allow_ingest_behind: 0
2021/09/29-01:34:28.817730 7f68e1ece700             Options.preserve_deletes: 0
2021/09/29-01:34:28.817731 7f68e1ece700             Options.two_write_queues: 0
2021/09/29-01:34:28.817732 7f68e1ece700             Options.manual_wal_flush: 0
2021/09/29-01:34:28.817732 7f68e1ece700             Options.atomic_flush: 0
2021/09/29-01:34:28.817733 7f68e1ece700             Options.avoid_unnecessary_blocking_io: 0
2021/09/29-01:34:28.817863 7f68e1ece700                 Options.persist_stats_to_disk: 0
2021/09/29-01:34:28.817865 7f68e1ece700                 Options.write_dbid_to_manifest: 0
2021/09/29-01:34:28.817866 7f68e1ece700                 Options.log_readahead_size: 0
2021/09/29-01:34:28.817866 7f68e1ece700                 Options.file_checksum_gen_factory: Unknown
2021/09/29-01:34:28.817867 7f68e1ece700                 Options.best_efforts_recovery: 0
2021/09/29-01:34:28.818006 7f68e1ece700                Options.max_bgerror_resume_count: 2147483647
2021/09/29-01:34:28.818009 7f68e1ece700            Options.bgerror_resume_retry_interval: 1000000
2021/09/29-01:34:28.818010 7f68e1ece700             Options.allow_data_in_errors: 0
2021/09/29-01:34:28.818010 7f68e1ece700             Options.db_host_id: __hostname__
2021/09/29-01:34:28.818013 7f68e1ece700             Options.max_background_jobs: 2
2021/09/29-01:34:28.818013 7f68e1ece700             Options.max_background_compactions: 4
2021/09/29-01:34:28.818140 7f68e1ece700             Options.max_subcompactions: 1
2021/09/29-01:34:28.818142 7f68e1ece700             Options.avoid_flush_during_shutdown: 0
2021/09/29-01:34:28.818143 7f68e1ece700           Options.writable_file_max_buffer_size: 1048576
2021/09/29-01:34:28.818144 7f68e1ece700             Options.delayed_write_rate : 16777216
2021/09/29-01:34:28.818144 7f68e1ece700             Options.max_total_wal_size: 0
2021/09/29-01:34:28.818145 7f68e1ece700             Options.delete_obsolete_files_period_micros: 21600000000
2021/09/29-01:34:28.818272 7f68e1ece700                   Options.stats_dump_period_sec: 600
2021/09/29-01:34:28.818274 7f68e1ece700                 Options.stats_persist_period_sec: 600
2021/09/29-01:34:28.818275 7f68e1ece700                 Options.stats_history_buffer_size: 1048576
2021/09/29-01:34:28.818275 7f68e1ece700                          Options.max_open_files: 1024
2021/09/29-01:34:28.818276 7f68e1ece700                          Options.bytes_per_sync: 0
2021/09/29-01:34:28.818433 7f68e1ece700                      Options.wal_bytes_per_sync: 0
2021/09/29-01:34:28.818436 7f68e1ece700                   Options.strict_bytes_per_sync: 0
2021/09/29-01:34:28.818436 7f68e1ece700       Options.compaction_readahead_size: 0
2021/09/29-01:34:28.818437 7f68e1ece700                  Options.max_background_flushes: -1
2021/09/29-01:34:28.818438 7f68e1ece700 Compression algorithms supported:
2021/09/29-01:34:28.818439 7f68e1ece700 	kZSTDNotFinalCompression supported: 1
2021/09/29-01:34:28.818574 7f68e1ece700 	kZSTD supported: 1
2021/09/29-01:34:28.818577 7f68e1ece700 	kXpressCompression supported: 0
2021/09/29-01:34:28.818578 7f68e1ece700 	kLZ4HCCompression supported: 1
2021/09/29-01:34:28.818578 7f68e1ece700 	kLZ4Compression supported: 1
2021/09/29-01:34:28.818579 7f68e1ece700 	kBZip2Compression supported: 1
2021/09/29-01:34:28.818580 7f68e1ece700 	kZlibCompression supported: 1
2021/09/29-01:34:28.818580 7f68e1ece700 	kSnappyCompression supported: 1
2021/09/29-01:34:28.818714 7f68e1ece700 Fast CRC32 supported: Not supported on x86
2021/09/29-01:34:28.822895 7f68e1ece700 [/version_set.cc:4725] Recovering from manifest file: /mnt/c/Users/assid/Documents/Workspace/TrufflePatient-NW/config/IBFT-Network/Node-4/data/database/MANIFEST-000083
2021/09/29-01:34:28.823986 7f68e1ece700 [/column_family.cc:597] --------------- Options for column family [default]:
2021/09/29-01:34:28.823989 7f68e1ece700               Options.comparator: leveldb.BytewiseComparator
2021/09/29-01:34:28.824127 7f68e1ece700           Options.merge_operator: None
2021/09/29-01:34:28.824130 7f68e1ece700        Options.compaction_filter: None
2021/09/29-01:34:28.824130 7f68e1ece700        Options.compaction_filter_factory: None
2021/09/29-01:34:28.824131 7f68e1ece700  Options.sst_partitioner_factory: None
2021/09/29-01:34:28.824132 7f68e1ece700         Options.memtable_factory: SkipListFactory
2021/09/29-01:34:28.824132 7f68e1ece700            Options.table_factory: BlockBasedTable
2021/09/29-01:34:28.824154 7f68e1ece700            table_factory options:   flush_block_policy_factory: FlushBlockBySizePolicyFactory (0x7f68dd409b80)
  cache_index_and_filter_blocks: 0
  cache_index_and_filter_blocks_with_high_priority: 1
  pin_l0_filter_and_index_blocks_in_cache: 0
  pin_top_level_index_and_filter: 1
  index_type: 0
  data_block_index_type: 0
  index_shortening: 1
  data_block_hash_table_util_ratio: 0.750000
  hash_index_allow_collision: 1
  checksum: 1
  no_block_cache: 0
  block_cache: 0x7f68dd407600
  block_cache_name: LRUCache
  block_cache_options:
    capacity : 8388608
    num_shard_bits : 4
    strict_capacity_limit : 0
    memory_allocator : None
    high_pri_pool_ratio: 0.000
  block_cache_compressed: (nil)
  persistent_cache: (nil)
  block_size: 4096
  block_size_deviation: 10
  block_restart_interval: 16
  index_block_restart_interval: 1
  metadata_block_size: 4096
  partition_filters: 0
  use_delta_encoding: 1
  filter_policy: nullptr
  whole_key_filtering: 1
  verify_compression: 0
  read_amp_bytes_per_bit: 0
  format_version: 4
  enable_index_compression: 1
  block_align: 0
2021/09/29-01:34:28.824418 7f68e1ece700        Options.write_buffer_size: 67108864
2021/09/29-01:34:28.824420 7f68e1ece700  Options.max_write_buffer_number: 2
2021/09/29-01:34:28.824421 7f68e1ece700          Options.compression: Snappy
2021/09/29-01:34:28.824422 7f68e1ece700                  Options.bottommost_compression: Disabled
2021/09/29-01:34:28.824423 7f68e1ece700       Options.prefix_extractor: nullptr
2021/09/29-01:34:28.824423 7f68e1ece700   Options.memtable_insert_with_hint_prefix_extractor: nullptr
2021/09/29-01:34:28.824557 7f68e1ece700             Options.num_levels: 7
2021/09/29-01:34:28.824559 7f68e1ece700        Options.min_write_buffer_number_to_merge: 1
2021/09/29-01:34:28.824560 7f68e1ece700     Options.max_write_buffer_number_to_maintain: 0
2021/09/29-01:34:28.824561 7f68e1ece700     Options.max_write_buffer_size_to_maintain: 134217728
2021/09/29-01:34:28.824561 7f68e1ece700            Options.bottommost_compression_opts.window_bits: -14
2021/09/29-01:34:28.824698 7f68e1ece700                  Options.bottommost_compression_opts.level: 32767
2021/09/29-01:34:28.824700 7f68e1ece700               Options.bottommost_compression_opts.strategy: 0
2021/09/29-01:34:28.824701 7f68e1ece700         Options.bottommost_compression_opts.max_dict_bytes: 0
2021/09/29-01:34:28.824702 7f68e1ece700         Options.bottommost_compression_opts.zstd_max_train_bytes: 0
2021/09/29-01:34:28.824702 7f68e1ece700         Options.bottommost_compression_opts.parallel_threads: 1
2021/09/29-01:34:28.824836 7f68e1ece700                  Options.bottommost_compression_opts.enabled: false
2021/09/29-01:34:28.824838 7f68e1ece700            Options.compression_opts.window_bits: -14
2021/09/29-01:34:28.824839 7f68e1ece700                  Options.compression_opts.level: 32767
2021/09/29-01:34:28.824839 7f68e1ece700               Options.compression_opts.strategy: 0
2021/09/29-01:34:28.824840 7f68e1ece700         Options.compression_opts.max_dict_bytes: 0
2021/09/29-01:34:28.825011 7f68e1ece700         Options.compression_opts.zstd_max_train_bytes: 0
2021/09/29-01:34:28.825013 7f68e1ece700         Options.compression_opts.parallel_threads: 1
2021/09/29-01:34:28.825014 7f68e1ece700                  Options.compression_opts.enabled: false
2021/09/29-01:34:28.825015 7f68e1ece700      Options.level0_file_num_compaction_trigger: 4
2021/09/29-01:34:28.825016 7f68e1ece700          Options.level0_slowdown_writes_trigger: 20
2021/09/29-01:34:28.825016 7f68e1ece700              Options.level0_stop_writes_trigger: 36
2021/09/29-01:34:28.825152 7f68e1ece700                   Options.target_file_size_base: 67108864
2021/09/29-01:34:28.825155 7f68e1ece700             Options.target_file_size_multiplier: 1
2021/09/29-01:34:28.825155 7f68e1ece700                Options.max_bytes_for_level_base: 268435456
2021/09/29-01:34:28.825156 7f68e1ece700 Options.level_compaction_dynamic_level_bytes: 0
2021/09/29-01:34:28.825156 7f68e1ece700          Options.max_bytes_for_level_multiplier: 10.000000
2021/09/29-01:34:28.825279 7f68e1ece700 Options.max_bytes_for_level_multiplier_addtl[0]: 1
2021/09/29-01:34:28.825281 7f68e1ece700 Options.max_bytes_for_level_multiplier_addtl[1]: 1
2021/09/29-01:34:28.825282 7f68e1ece700 Options.max_bytes_for_level_multiplier_addtl[2]: 1
2021/09/29-01:34:28.825282 7f68e1ece700 Options.max_bytes_for_level_multiplier_addtl[3]: 1
2021/09/29-01:34:28.825283 7f68e1ece700 Options.max_bytes_for_level_multiplier_addtl[4]: 1
2021/09/29-01:34:28.825284 7f68e1ece700 Options.max_bytes_for_level_multiplier_addtl[5]: 1
2021/09/29-01:34:28.825401 7f68e1ece700 Options.max_bytes_for_level_multiplier_addtl[6]: 1
2021/09/29-01:34:28.825403 7f68e1ece700       Options.max_sequential_skip_in_iterations: 8
2021/09/29-01:34:28.825404 7f68e1ece700                    Options.max_compaction_bytes: 1677721600
2021/09/29-01:34:28.825405 7f68e1ece700                        Options.arena_block_size: 8388608
2021/09/29-01:34:28.825405 7f68e1ece700   Options.soft_pending_compaction_bytes_limit: 68719476736
2021/09/29-01:34:28.825520 7f68e1ece700   Options.hard_pending_compaction_bytes_limit: 274877906944
2021/09/29-01:34:28.825522 7f68e1ece700       Options.rate_limit_delay_max_milliseconds: 100
2021/09/29-01:34:28.825522 7f68e1ece700                Options.disable_auto_compactions: 1
2021/09/29-01:34:28.825524 7f68e1ece700                        Options.compaction_style: kCompactionStyleLevel
2021/09/29-01:34:28.825524 7f68e1ece700                          Options.compaction_pri: kMinOverlappingRatio
2021/09/29-01:34:28.825640 7f68e1ece700 Options.compaction_options_universal.size_ratio: 1
2021/09/29-01:34:28.825642 7f68e1ece700 Options.compaction_options_universal.min_merge_width: 2
2021/09/29-01:34:28.825643 7f68e1ece700 Options.compaction_options_universal.max_merge_width: 4294967295
2021/09/29-01:34:28.825644 7f68e1ece700 Options.compaction_options_universal.max_size_amplification_percent: 200
2021/09/29-01:34:28.825644 7f68e1ece700 Options.compaction_options_universal.compression_size_percent: -1
2021/09/29-01:34:28.825788 7f68e1ece700 Options.compaction_options_universal.stop_style: kCompactionStopStyleTotalSize
2021/09/29-01:34:28.825790 7f68e1ece700 Options.compaction_options_fifo.max_table_files_size: 1073741824
2021/09/29-01:34:28.825791 7f68e1ece700 Options.compaction_options_fifo.allow_compaction: 0
2021/09/29-01:34:28.825796 7f68e1ece700                   Options.table_properties_collectors: 
2021/09/29-01:34:28.825797 7f68e1ece700                   Options.inplace_update_support: 0
2021/09/29-01:34:28.825930 7f68e1ece700                 Options.inplace_update_num_locks: 10000
2021/09/29-01:34:28.825932 7f68e1ece700               Options.memtable_prefix_bloom_size_ratio: 0.000000
2021/09/29-01:34:28.825934 7f68e1ece700               Options.memtable_whole_key_filtering: 0
2021/09/29-01:34:28.825934 7f68e1ece700   Options.memtable_huge_page_size: 0
2021/09/29-01:34:28.825935 7f68e1ece700                           Options.bloom_locality: 0
2021/09/29-01:34:28.825935 7f68e1ece700                    Options.max_successive_merges: 0
2021/09/29-01:34:28.826063 7f68e1ece700                Options.optimize_filters_for_hits: 0
2021/09/29-01:34:28.826065 7f68e1ece700                Options.paranoid_file_checks: 0
2021/09/29-01:34:28.826066 7f68e1ece700                Options.force_consistency_checks: 1
2021/09/29-01:34:28.826067 7f68e1ece700                Options.report_bg_io_stats: 0
2021/09/29-01:34:28.826067 7f68e1ece700                               Options.ttl: 2592000
2021/09/29-01:34:28.826068 7f68e1ece700          Options.periodic_compaction_seconds: 0
2021/09/29-01:34:28.826181 7f68e1ece700                    Options.enable_blob_files: false
2021/09/29-01:34:28.826183 7f68e1ece700                        Options.min_blob_size: 0
2021/09/29-01:34:28.826184 7f68e1ece700                       Options.blob_file_size: 268435456
2021/09/29-01:34:28.826185 7f68e1ece700                Options.blob_compression_type: NoCompression
2021/09/29-01:34:28.826186 7f68e1ece700       Options.enable_blob_garbage_collection: false
2021/09/29-01:34:28.826302 7f68e1ece700   Options.blob_garbage_collection_age_cutoff: 0.250000
2021/09/29-01:34:28.826889 7f68e1ece700 [/column_family.cc:597] --------------- Options for column family []:
2021/09/29-01:34:28.826892 7f68e1ece700               Options.comparator: leveldb.BytewiseComparator
2021/09/29-01:34:28.826893 7f68e1ece700           Options.merge_operator: None
2021/09/29-01:34:28.826894 7f68e1ece700        Options.compaction_filter: None
2021/09/29-01:34:28.826894 7f68e1ece700        Options.compaction_filter_factory: None
2021/09/29-01:34:28.827018 7f68e1ece700  Options.sst_partitioner_factory: None
2021/09/29-01:34:28.827020 7f68e1ece700         Options.memtable_factory: SkipListFactory
2021/09/29-01:34:28.827021 7f68e1ece700            Options.table_factory: BlockBasedTable
2021/09/29-01:34:28.827038 7f68e1ece700            table_factory options:   flush_block_policy_factory: FlushBlockBySizePolicyFactory (0x7f68dd3f1f00)
  cache_index_and_filter_blocks: 0
  cache_index_and_filter_blocks_with_high_priority: 1
  pin_l0_filter_and_index_blocks_in_cache: 0
  pin_top_level_index_and_filter: 1
  index_type: 0
  data_block_index_type: 0
  index_shortening: 1
  data_block_hash_table_util_ratio: 0.750000
  hash_index_allow_collision: 1
  checksum: 1
  no_block_cache: 0
  block_cache: 0x7f68dd3f1f40
  block_cache_name: LRUCache
  block_cache_options:
    capacity : 8388608
    num_shard_bits : 4
    strict_capacity_limit : 0
    memory_allocator : None
    high_pri_pool_ratio: 0.000
  block_cache_compressed: (nil)
  persistent_cache: (nil)
  block_size: 4096
  block_size_deviation: 10
  block_restart_interval: 16
  index_block_restart_interval: 1
  metadata_block_size: 4096
  partition_filters: 0
  use_delta_encoding: 1
  filter_policy: nullptr
  whole_key_filtering: 1
  verify_compression: 0
  read_amp_bytes_per_bit: 0
  format_version: 4
  enable_index_compression: 1
  block_align: 0
2021/09/29-01:34:28.827266 7f68e1ece700        Options.write_buffer_size: 67108864
2021/09/29-01:34:28.827454 7f68e1ece700  Options.max_write_buffer_number: 2
2021/09/29-01:34:28.827457 7f68e1ece700          Options.compression: Snappy
2021/09/29-01:34:28.827457 7f68e1ece700                  Options.bottommost_compression: Disabled
2021/09/29-01:34:28.827458 7f68e1ece700       Options.prefix_extractor: nullptr
2021/09/29-01:34:28.827459 7f68e1ece700   Options.memtable_insert_with_hint_prefix_extractor: nullptr
2021/09/29-01:34:28.827459 7f68e1ece700             Options.num_levels: 7
2021/09/29-01:34:28.827580 7f68e1ece700        Options.min_write_buffer_number_to_merge: 1
2021/09/29-01:34:28.827583 7f68e1ece700     Options.max_write_buffer_number_to_maintain: 0
2021/09/29-01:34:28.827583 7f68e1ece700     Options.max_write_buffer_size_to_maintain: 134217728
2021/09/29-01:34:28.827584 7f68e1ece700            Options.bottommost_compression_opts.window_bits: -14
2021/09/29-01:34:28.827585 7f68e1ece700                  Options.bottommost_compression_opts.level: 32767
2021/09/29-01:34:28.827585 7f68e1ece700               Options.bottommost_compression_opts.strategy: 0
2021/09/29-01:34:28.827701 7f68e1ece700         Options.bottommost_compression_opts.max_dict_bytes: 0
2021/09/29-01:34:28.827703 7f68e1ece700         Options.bottommost_compression_opts.zstd_max_train_bytes: 0
2021/09/29-01:34:28.827704 7f68e1ece700         Options.bottommost_compression_opts.parallel_threads: 1
2021/09/29-01:34:28.827704 7f68e1ece700                  Options.bottommost_compression_opts.enabled: false
2021/09/29-01:34:28.827705 7f68e1ece700            Options.compression_opts.window_bits: -14
2021/09/29-01:34:28.827819 7f68e1ece700                  Options.compression_opts.level: 32767
2021/09/29-01:34:28.827821 7f68e1ece700               Options.compression_opts.strategy: 0
2021/09/29-01:34:28.827822 7f68e1ece700         Options.compression_opts.max_dict_bytes: 0
2021/09/29-01:34:28.827823 7f68e1ece700         Options.compression_opts.zstd_max_train_bytes: 0
2021/09/29-01:34:28.827823 7f68e1ece700         Options.compression_opts.parallel_threads: 1
2021/09/29-01:34:28.827949 7f68e1ece700                  Options.compression_opts.enabled: false
2021/09/29-01:34:28.827951 7f68e1ece700      Options.level0_file_num_compaction_trigger: 4
2021/09/29-01:34:28.827951 7f68e1ece700          Options.level0_slowdown_writes_trigger: 20
2021/09/29-01:34:28.827952 7f68e1ece700              Options.level0_stop_writes_trigger: 36
2021/09/29-01:34:28.827953 7f68e1ece700                   Options.target_file_size_base: 67108864
2021/09/29-01:34:28.827953 7f68e1ece700             Options.target_file_size_multiplier: 1
2021/09/29-01:34:28.828091 7f68e1ece700                Options.max_bytes_for_level_base: 268435456
2021/09/29-01:34:28.828094 7f68e1ece700 Options.level_compaction_dynamic_level_bytes: 0
2021/09/29-01:34:28.828094 7f68e1ece700          Options.max_bytes_for_level_multiplier: 10.000000
2021/09/29-01:34:28.828096 7f68e1ece700 Options.max_bytes_for_level_multiplier_addtl[0]: 1
2021/09/29-01:34:28.828097 7f68e1ece700 Options.max_bytes_for_level_multiplier_addtl[1]: 1
2021/09/29-01:34:28.828218 7f68e1ece700 Options.max_bytes_for_level_multiplier_addtl[2]: 1
2021/09/29-01:34:28.828221 7f68e1ece700 Options.max_bytes_for_level_multiplier_addtl[3]: 1
2021/09/29-01:34:28.828221 7f68e1ece700 Options.max_bytes_for_level_multiplier_addtl[4]: 1
2021/09/29-01:34:28.828222 7f68e1ece700 Options.max_bytes_for_level_multiplier_addtl[5]: 1
2021/09/29-01:34:28.828222 7f68e1ece700 Options.max_bytes_for_level_multiplier_addtl[6]: 1
2021/09/29-01:34:28.828223 7f68e1ece700       Options.max_sequential_skip_in_iterations: 8
2021/09/29-01:34:28.828341 7f68e1ece700                    Options.max_compaction_bytes: 1677721600
2021/09/29-01:34:28.828343 7f68e1ece700                        Options.arena_block_size: 8388608
2021/09/29-01:34:28.828344 7f68e1ece700   Options.soft_pending_compaction_bytes_limit: 68719476736
2021/09/29-01:34:28.828344 7f68e1ece700   Options.hard_pending_compaction_bytes_limit: 274877906944
2021/09/29-01:34:28.828345 7f68e1ece700       Options.rate_limit_delay_max_milliseconds: 100
2021/09/29-01:34:28.828464 7f68e1ece700                Options.disable_auto_compactions: 1
2021/09/29-01:34:28.828466 7f68e1ece700                        Options.compaction_style: kCompactionStyleLevel
2021/09/29-01:34:28.828467 7f68e1ece700                          Options.compaction_pri: kMinOverlappingRatio
2021/09/29-01:34:28.828467 7f68e1ece700 Options.compaction_options_universal.size_ratio: 1
2021/09/29-01:34:28.828468 7f68e1ece700 Options.compaction_options_universal.min_merge_width: 2
2021/09/29-01:34:28.828585 7f68e1ece700 Options.compaction_options_universal.max_merge_width: 4294967295
2021/09/29-01:34:28.828588 7f68e1ece700 Options.compaction_options_universal.max_size_amplification_percent: 200
2021/09/29-01:34:28.828588 7f68e1ece700 Options.compaction_options_universal.compression_size_percent: -1
2021/09/29-01:34:28.828589 7f68e1ece700 Options.compaction_options_universal.stop_style: kCompactionStopStyleTotalSize
2021/09/29-01:34:28.828590 7f68e1ece700 Options.compaction_options_fifo.max_table_files_size: 1073741824
2021/09/29-01:34:28.828701 7f68e1ece700 Options.compaction_options_fifo.allow_compaction: 0
2021/09/29-01:34:28.828705 7f68e1ece700                   Options.table_properties_collectors: 
2021/09/29-01:34:28.828705 7f68e1ece700                   Options.inplace_update_support: 0
2021/09/29-01:34:28.828706 7f68e1ece700                 Options.inplace_update_num_locks: 10000
2021/09/29-01:34:28.828707 7f68e1ece700               Options.memtable_prefix_bloom_size_ratio: 0.000000
2021/09/29-01:34:28.828822 7f68e1ece700               Options.memtable_whole_key_filtering: 0
2021/09/29-01:34:28.828825 7f68e1ece700   Options.memtable_huge_page_size: 0
2021/09/29-01:34:28.828825 7f68e1ece700                           Options.bloom_locality: 0
2021/09/29-01:34:28.828826 7f68e1ece700                    Options.max_successive_merges: 0
2021/09/29-01:34:28.828826 7f68e1ece700                Options.optimize_filters_for_hits: 0
2021/09/29-01:34:28.828827 7f68e1ece700                Options.paranoid_file_checks: 0
2021/09/29-01:34:28.828956 7f68e1ece700                Options.force_consistency_checks: 1
2021/09/29-01:34:28.828958 7f68e1ece700                Options.report_bg_io_stats: 0
2021/09/29-01:34:28.828959 7f68e1ece700                               Options.ttl: 2592000
2021/09/29-01:34:28.828959 7f68e1ece700          Options.periodic_compaction_seconds: 0
2021/09/29-01:34:28.828960 7f68e1ece700                    Options.enable_blob_files: false
2021/09/29-01:34:28.829077 7f68e1ece700                        Options.min_blob_size: 0
2021/09/29-01:34:28.829080 7f68e1ece700                       Options.blob_file_size: 268435456
2021/09/29-01:34:28.829081 7f68e1ece700                Options.blob_compression_type: NoCompression
2021/09/29-01:34:28.829082 7f68e1ece700       Options.enable_blob_garbage_collection: false
2021/09/29-01:34:28.829082 7f68e1ece700   Options.blob_garbage_collection_age_cutoff: 0.250000
2021/09/29-01:34:28.829120 7f68e1ece700 [/column_family.cc:597] --------------- Options for column family []:
2021/09/29-01:34:28.829235 7f68e1ece700               Options.comparator: leveldb.BytewiseComparator
2021/09/29-01:34:28.829238 7f68e1ece700           Options.merge_operator: None
2021/09/29-01:34:28.829238 7f68e1ece700        Options.compaction_filter: None
2021/09/29-01:34:28.829239 7f68e1ece700        Options.compaction_filter_factory: None
2021/09/29-01:34:28.829239 7f68e1ece700  Options.sst_partitioner_factory: None
2021/09/29-01:34:28.829240 7f68e1ece700         Options.memtable_factory: SkipListFactory
2021/09/29-01:34:28.829356 7f68e1ece700            Options.table_factory: BlockBasedTable
2021/09/29-01:34:28.829383 7f68e1ece700            table_factory options:   flush_block_policy_factory: FlushBlockBySizePolicyFactory (0x7f68dd3f3e70)
  cache_index_and_filter_blocks: 0
  cache_index_and_filter_blocks_with_high_priority: 1
  pin_l0_filter_and_index_blocks_in_cache: 0
  pin_top_level_index_and_filter: 1
  index_type: 0
  data_block_index_type: 0
  index_shortening: 1
  data_block_hash_table_util_ratio: 0.750000
  hash_index_allow_collision: 1
  checksum: 1
  no_block_cache: 0
  block_cache: 0x7f68dd3f3eb0
  block_cache_name: LRUCache
  block_cache_options:
    capacity : 8388608
    num_shard_bits : 4
    strict_capacity_limit : 0
    memory_allocator : None
    high_pri_pool_ratio: 0.000
  block_cache_compressed: (nil)
  persistent_cache: (nil)
  block_size: 4096
  block_size_deviation: 10
  block_restart_interval: 16
  index_block_restart_interval: 1
  metadata_block_size: 4096
  partition_filters: 0
  use_delta_encoding: 1
  filter_policy: nullptr
  whole_key_filtering: 1
  verify_compression: 0
  read_amp_bytes_per_bit: 0
  format_version: 4
  enable_index_compression: 1
  block_align: 0
2021/09/29-01:34:28.829614 7f68e1ece700        Options.write_buffer_size: 67108864
2021/09/29-01:34:28.829616 7f68e1ece700  Options.max_write_buffer_number: 2
2021/09/29-01:34:28.829618 7f68e1ece700          Options.compression: Snappy
2021/09/29-01:34:28.829618 7f68e1ece700                  Options.bottommost_compression: Disabled
2021/09/29-01:34:28.829729 7f68e1ece700       Options.prefix_extractor: nullptr
2021/09/29-01:34:28.829732 7f68e1ece700   Options.memtable_insert_with_hint_prefix_extractor: nullptr
2021/09/29-01:34:28.829732 7f68e1ece700             Options.num_levels: 7
2021/09/29-01:34:28.829733 7f68e1ece700        Options.min_write_buffer_number_to_merge: 1
2021/09/29-01:34:28.829733 7f68e1ece700     Options.max_write_buffer_number_to_maintain: 0
2021/09/29-01:34:28.829847 7f68e1ece700     Options.max_write_buffer_size_to_maintain: 134217728
2021/09/29-01:34:28.829849 7f68e1ece700            Options.bottommost_compression_opts.window_bits: -14
2021/09/29-01:34:28.829850 7f68e1ece700                  Options.bottommost_compression_opts.level: 32767
2021/09/29-01:34:28.829851 7f68e1ece700               Options.bottommost_compression_opts.strategy: 0
2021/09/29-01:34:28.829851 7f68e1ece700         Options.bottommost_compression_opts.max_dict_bytes: 0
2021/09/29-01:34:28.829963 7f68e1ece700         Options.bottommost_compression_opts.zstd_max_train_bytes: 0
2021/09/29-01:34:28.829965 7f68e1ece700         Options.bottommost_compression_opts.parallel_threads: 1
2021/09/29-01:34:28.829966 7f68e1ece700                  Options.bottommost_compression_opts.enabled: false
2021/09/29-01:34:28.829966 7f68e1ece700            Options.compression_opts.window_bits: -14
2021/09/29-01:34:28.829967 7f68e1ece700                  Options.compression_opts.level: 32767
2021/09/29-01:34:28.830081 7f68e1ece700               Options.compression_opts.strategy: 0
2021/09/29-01:34:28.830083 7f68e1ece700         Options.compression_opts.max_dict_bytes: 0
2021/09/29-01:34:28.830084 7f68e1ece700         Options.compression_opts.zstd_max_train_bytes: 0
2021/09/29-01:34:28.830084 7f68e1ece700         Options.compression_opts.parallel_threads: 1
2021/09/29-01:34:28.830085 7f68e1ece700                  Options.compression_opts.enabled: false
2021/09/29-01:34:28.830086 7f68e1ece700      Options.level0_file_num_compaction_trigger: 4
2021/09/29-01:34:28.830196 7f68e1ece700          Options.level0_slowdown_writes_trigger: 20
2021/09/29-01:34:28.830198 7f68e1ece700              Options.level0_stop_writes_trigger: 36
2021/09/29-01:34:28.830198 7f68e1ece700                   Options.target_file_size_base: 67108864
2021/09/29-01:34:28.830199 7f68e1ece700             Options.target_file_size_multiplier: 1
2021/09/29-01:34:28.830200 7f68e1ece700                Options.max_bytes_for_level_base: 268435456
2021/09/29-01:34:28.830314 7f68e1ece700 Options.level_compaction_dynamic_level_bytes: 0
2021/09/29-01:34:28.830316 7f68e1ece700          Options.max_bytes_for_level_multiplier: 10.000000
2021/09/29-01:34:28.830318 7f68e1ece700 Options.max_bytes_for_level_multiplier_addtl[0]: 1
2021/09/29-01:34:28.830319 7f68e1ece700 Options.max_bytes_for_level_multiplier_addtl[1]: 1
2021/09/29-01:34:28.830319 7f68e1ece700 Options.max_bytes_for_level_multiplier_addtl[2]: 1
2021/09/29-01:34:28.830320 7f68e1ece700 Options.max_bytes_for_level_multiplier_addtl[3]: 1
2021/09/29-01:34:28.830445 7f68e1ece700 Options.max_bytes_for_level_multiplier_addtl[4]: 1
2021/09/29-01:34:28.830447 7f68e1ece700 Options.max_bytes_for_level_multiplier_addtl[5]: 1
2021/09/29-01:34:28.830447 7f68e1ece700 Options.max_bytes_for_level_multiplier_addtl[6]: 1
2021/09/29-01:34:28.830448 7f68e1ece700       Options.max_sequential_skip_in_iterations: 8
2021/09/29-01:34:28.830449 7f68e1ece700                    Options.max_compaction_bytes: 1677721600
2021/09/29-01:34:28.830567 7f68e1ece700                        Options.arena_block_size: 8388608
2021/09/29-01:34:28.830569 7f68e1ece700   Options.soft_pending_compaction_bytes_limit: 68719476736
2021/09/29-01:34:28.830569 7f68e1ece700   Options.hard_pending_compaction_bytes_limit: 274877906944
2021/09/29-01:34:28.830570 7f68e1ece700       Options.rate_limit_delay_max_milliseconds: 100
2021/09/29-01:34:28.830571 7f68e1ece700                Options.disable_auto_compactions: 1
2021/09/29-01:34:28.830571 7f68e1ece700                        Options.compaction_style: kCompactionStyleLevel
2021/09/29-01:34:28.830685 7f68e1ece700                          Options.compaction_pri: kMinOverlappingRatio
2021/09/29-01:34:28.830687 7f68e1ece700 Options.compaction_options_universal.size_ratio: 1
2021/09/29-01:34:28.830687 7f68e1ece700 Options.compaction_options_universal.min_merge_width: 2
2021/09/29-01:34:28.830688 7f68e1ece700 Options.compaction_options_universal.max_merge_width: 4294967295
2021/09/29-01:34:28.830689 7f68e1ece700 Options.compaction_options_universal.max_size_amplification_percent: 200
2021/09/29-01:34:28.830804 7f68e1ece700 Options.compaction_options_universal.compression_size_percent: -1
2021/09/29-01:34:28.830806 7f68e1ece700 Options.compaction_options_universal.stop_style: kCompactionStopStyleTotalSize
2021/09/29-01:34:28.830807 7f68e1ece700 Options.compaction_options_fifo.max_table_files_size: 1073741824
2021/09/29-01:34:28.830807 7f68e1ece700 Options.compaction_options_fifo.allow_compaction: 0
2021/09/29-01:34:28.830950 7f68e1ece700                   Options.table_properties_collectors: 
2021/09/29-01:34:28.830953 7f68e1ece700                   Options.inplace_update_support: 0
2021/09/29-01:34:28.830954 7f68e1ece700                 Options.inplace_update_num_locks: 10000
2021/09/29-01:34:28.830954 7f68e1ece700               Options.memtable_prefix_bloom_size_ratio: 0.000000
2021/09/29-01:34:28.830956 7f68e1ece700               Options.memtable_whole_key_filtering: 0
2021/09/29-01:34:28.830956 7f68e1ece700   Options.memtable_huge_page_size: 0
2021/09/29-01:34:28.831090 7f68e1ece700                           Options.bloom_locality: 0
2021/09/29-01:34:28.831092 7f68e1ece700                    Options.max_successive_merges: 0
2021/09/29-01:34:28.831093 7f68e1ece700                Options.optimize_filters_for_hits: 0
2021/09/29-01:34:28.831093 7f68e1ece700                Options.paranoid_file_checks: 0
2021/09/29-01:34:28.831094 7f68e1ece700                Options.force_consistency_checks: 1
2021/09/29-01:34:28.831094 7f68e1ece700                Options.report_bg_io_stats: 0
2021/09/29-01:34:28.831224 7f68e1ece700                               Options.ttl: 2592000
2021/09/29-01:34:28.831227 7f68e1ece700          Options.periodic_compaction_seconds: 0
2021/09/29-01:34:28.831227 7f68e1ece700                    Options.enable_blob_files: false
2021/09/29-01:34:28.831228 7f68e1ece700                        Options.min_blob_size: 0
2021/09/29-01:34:28.831229 7f68e1ece700                       Options.blob_file_size: 268435456
2021/09/29-01:34:28.831350 7f68e1ece700                Options.blob_compression_type: NoCompression
2021/09/29-01:34:28.831352 7f68e1ece700       Options.enable_blob_garbage_collection: false
2021/09/29-01:34:28.831353 7f68e1ece700   Options.blob_garbage_collection_age_cutoff: 0.250000
2021/09/29-01:34:28.831393 7f68e1ece700 [/column_family.cc:597] --------------- Options for column family []:
2021/09/29-01:34:28.831396 7f68e1ece700               Options.comparator: leveldb.BytewiseComparator
2021/09/29-01:34:28.831513 7f68e1ece700           Options.merge_operator: None
2021/09/29-01:34:28.831515 7f68e1ece700        Options.compaction_filter: None
2021/09/29-01:34:28.831516 7f68e1ece700        Options.compaction_filter_factory: None
2021/09/29-01:34:28.831516 7f68e1ece700  Options.sst_partitioner_factory: None
2021/09/29-01:34:28.831517 7f68e1ece700         Options.memtable_factory: SkipListFactory
2021/09/29-01:34:28.831518 7f68e1ece700            Options.table_factory: BlockBasedTable
2021/09/29-01:34:28.831650 7f68e1ece700            table_factory options:   flush_block_policy_factory: FlushBlockBySizePolicyFactory (0x7f68dd3f5e90)
  cache_index_and_filter_blocks: 0
  cache_index_and_filter_blocks_with_high_priority: 1
  pin_l0_filter_and_index_blocks_in_cache: 0
  pin_top_level_index_and_filter: 1
  index_type: 0
  data_block_index_type: 0
  index_shortening: 1
  data_block_hash_table_util_ratio: 0.750000
  hash_index_allow_collision: 1
  checksum: 1
  no_block_cache: 0
  block_cache: 0x7f68dd3f5ed0
  block_cache_name: LRUCache
  block_cache_options:
    capacity : 8388608
    num_shard_bits : 4
    strict_capacity_limit : 0
    memory_allocator : None
    high_pri_pool_ratio: 0.000
  block_cache_compressed: (nil)
  persistent_cache: (nil)
  block_size: 4096
  block_size_deviation: 10
  block_restart_interval: 16
  index_block_restart_interval: 1
  metadata_block_size: 4096
  partition_filters: 0
  use_delta_encoding: 1
  filter_policy: nullptr
  whole_key_filtering: 1
  verify_compression: 0
  read_amp_bytes_per_bit: 0
  format_version: 4
  enable_index_compression: 1
  block_align: 0
2021/09/29-01:34:28.831882 7f68e1ece700        Options.write_buffer_size: 67108864
2021/09/29-01:34:28.831884 7f68e1ece700  Options.max_write_buffer_number: 2
2021/09/29-01:34:28.831886 7f68e1ece700          Options.compression: Snappy
2021/09/29-01:34:28.831887 7f68e1ece700                  Options.bottommost_compression: Disabled
2021/09/29-01:34:28.831888 7f68e1ece700       Options.prefix_extractor: nullptr
2021/09/29-01:34:28.832005 7f68e1ece700   Options.memtable_insert_with_hint_prefix_extractor: nullptr
2021/09/29-01:34:28.832008 7f68e1ece700             Options.num_levels: 7
2021/09/29-01:34:28.832009 7f68e1ece700        Options.min_write_buffer_number_to_merge: 1
2021/09/29-01:34:28.832010 7f68e1ece700     Options.max_write_buffer_number_to_maintain: 0
2021/09/29-01:34:28.832010 7f68e1ece700     Options.max_write_buffer_size_to_maintain: 134217728
2021/09/29-01:34:28.832011 7f68e1ece700            Options.bottommost_compression_opts.window_bits: -14
2021/09/29-01:34:28.832170 7f68e1ece700                  Options.bottommost_compression_opts.level: 32767
2021/09/29-01:34:28.832172 7f68e1ece700               Options.bottommost_compression_opts.strategy: 0
2021/09/29-01:34:28.832173 7f68e1ece700         Options.bottommost_compression_opts.max_dict_bytes: 0
2021/09/29-01:34:28.832174 7f68e1ece700         Options.bottommost_compression_opts.zstd_max_train_bytes: 0
